281.8,281.88,281.71,279.93,278.65,278.61,279.5,279.3,278.38,279.0,277.33,282.41,284.58,285.11,281.61,281.71,281.43,280.58,280.58,283.63,280.83,281.86,283.3,278.68,280.8,281.53,281.23,283.55,283.71,283.88,282.21,279.58,279.15,278.41,280.43,277.8,280.58,280.53,278.53,280.66,280.98,281.71,282.83,279.63,283.15,278.8,279.58,282.25,278.8,281.78,281.73,282.81,281.68,281.7,282.68,279.33,281.61,284.0,284.36,282.68,283.21,282.71,281.53,277.66,278.38,277.73,279.25,279.53,279.88,278.8,277.63,280.78,280.48,283.03,280.05,282.48,279.96,281.4,282.11,280.55,280.05,282.36,283.0,279.88,279.91,281.33,283.0,283.71,282.4,281.3,280.48,283.83,282.25,281.73,282.08,278.98,279.21,282.25,279.93,279.56,279.36,282.0,282.71,283.4,284.05,283.53,282.5,281.08,283.33,283.18,280.68,281.36,282.91,281.93,281.15,282.63,283.55,280.96,283.71,280.71,279.63,281.1,280.0,281.56,281.25,281.58,279.86,279.93,281.05,280.41,280.08,282.71,283.13,284.43,283.18,281.18,280.03,280.46,282.96,282.98,281.73,281.75,280.55,280.18,281.46,284.13,283.16,282.0,282.05,281.53,281.96,284.93,282.91,282.0,282.05,283.0,281.88,281.46,282.63,282.96,284.23,286.08,286.41,286.41,285.98,286.66,285.58,285.8,285.83,286.66,287.21,287.05,287.58,287.63,287.48,287.21,287.73,287.91,288.28,289.16,288.28,289.3,287.83,285.41,284.05,285.73,287.46,290.13,290.0,289.68,289.08,285.86,287.5,286.8,287.18,288.4,289.46,288.5,287.96,289.43,288.75,287.96,289.43,288.75,289.46,290.41,291.8,290.61,290.71,289.0,289.75,287.18,289.21,291.18,291.71,290.63,290.18,290.08,290.05,291.23,290.48,290.63,292.63,292.53,289.48,289.96,291.11,291.23,291.53,287.86,290.16,288.75,288.83,290.5,290.48,290.16,289.71,289.96,289.55,289.33,289.28,288.68,290.28,291.25,292.08,292.58,292.58,292.86,292.71,292.03,291.05,289.61,289.25,288.65,288.23,288.23,290.61,287.05,285.83,288.43,290.36,289.05,288.16,289.3,286.48,286.08,288.91,288.18,287.63,288.33,287.06,285.71,285.36,284.48,284.66,288.11,284.4,283.86,285.21,285.3,283.8,285.05,284.73,284.16,284.31,286.56,283.4,284.0,284.11,284.31,282.98,283.53,282.61,283.78,285.55,283.98,286.06,282.46,283.38,285.03,282.98,285.41,283.53,286.38,284.9,285.3,282.93,286.06,282.58,284.16,286.86,287.63,286.36,283.43,281.5,280.43,279.86,281.63,284.93,281.58,281.6,281.88,280.43,282.63,278.93,277.68,279.08,279.86,283.78,280.61,280.63,279.0,278.88,279.43,283.06,284.46,284.78,286.03,282.08,279.11,279.48,279.65,280.23,282.53,282.78,283.75,283.36,282.68,282.23,280.96,281.5,283.05,282.3,282.23,281.58,279.86,282.33,284.03,281.18,279.28,280.88,278.03,280.28,278.46,278.63
281.86,283.83,284.61,283.08,283.23,282.28,282.93,282.66,282.83,281.98,280.11,278.75,278.83,278.48,278.18,282.86,281.61,278.03,279.68,277.68,277.88,279.88,283.58,281.0,279.88,280.18,279.08,279.43,281.11,280.53,277.71,277.8,278.53,281.5,278.3,279.46,278.18,281.78,280.73,279.43,279.95,281.03,278.63,277.56,277.71,277.96,280.11,281.16,280.88,281.48,279.5,280.63,279.93,278.61,278.28,278.3,280.28,279.18,279.55,281.3,280.36,282.31,283.21,280.21,282.5,282.23,281.86,281.66,281.96,282.23,281.78,283.63,283.55,280.71,282.58,281.83,280.18,282.46,279.93,279.83,280.9,279.56,282.6,280.46,278.31,278.73,281.25,279.48,280.53,277.88,280.98,280.03,281.75,278.08,278.43,279.15,279.73,280.58,279.13,278.56,281.06,280.23,279.85,278.05,280.15,281.93,281.05,279.16,282.6,281.23,279.21,282.16,283.18,279.48,284.08,280.9,280.11,283.03,278.05,279.25,281.9,279.5,280.03,283.88,279.93,281.16,284.11,285.23,280.23,280.11,283.75,282.33,280.68,281.23,280.81,281.41,284.0,282.16,280.53,281.28,283.73,281.96,280.28,283.21,284.0,282.91,280.98,279.96,280.16,281.98,284.78,285.31,284.0,281.5,282.83,283.65,285.3,285.36,285.63,284.75,284.21,285.9,285.43,284.46,287.36,287.05,284.61,285.63,287.06,287.08,286.81,287.0,287.43,287.63,287.0,284.98,285.08,286.91,288.96,288.05,287.91,288.68,289.43,290.18,289.5,288.98,290.08,290.13,290.86,290.36,289.38,288.0,288.05,287.96,287.78,289.63,289.75,289.63,289.48,289.98,290.73,289.61,289.5,287.8,286.5,286.66,287.63,289.23,290.28,290.31,290.13,291.25,291.83,292.3,292.28,291.96,289.96,290.46,291.13,291.71,290.71,288.58,288.86,290.98,292.58,292.05,292.55,293.78,293.33,291.88,291.78,293.03,292.71,290.0,290.78,293.21,292.75,292.18,293.31,292.96,292.71,291.48,292.06,293.38,291.96,293.86,293.43,290.41,287.68,286.65,287.48,289.0,291.11,291.43,289.13,288.58,287.78,288.16,288.38,290.55,292.18,290.98,290.28,288.5,288.25,287.1,287.93,286.48,288.21,288.11,286.41,285.93,284.8,283.56,286.73,284.48,284.11,288.25,284.05,285.93,284.25,284.28,287.75,288.08,288.33,288.43,283.75,284.23,285.88,283.63,282.9,283.98,283.16,281.73,282.93,287.08,286.53,285.61,283.48,281.06,284.96,285.46,283.63,282.71,283.28,281.06,283.71,282.18,282.25,281.86,281.36,283.53,285.9,285.06,283.18,281.55,280.5,280.03,283.61,283.98,281.55,281.0,279.75,281.91,280.28,281.75,280.58,281.33,279.93,279.21,278.81,281.75,285.48,283.0,281.0,282.88,282.8,278.58,276.48,278.91,280.08,279.53,279.75,279.68,279.61,280.48,280.18,278.5,279.0,282.21,282.33,280.3,282.03,281.78,280.33,280.25,281.86,281.25,279.73,279.25,278.1,278.68,281.66,281.73,280.68
279.91,279.33,277.23,279.71,283.48,279.08,280.08,280.8,278.38,279.25,279.18,281.58,280.05,279.98,279.98,280.31,278.88,278.5,278.43,279.58,280.96,281.23,279.11,277.96,279.21,281.5,282.41,282.0,279.73,280.8,278.88,279.18,280.28,282.06,279.56,279.83,281.8,279.63,278.5,279.58,281.08,280.28,279.63,279.8,281.08,280.08,278.53,277.3,278.3,282.36,277.66,281.18,282.11,284.21,281.43,281.91,283.36,284.25,282.41,280.13,279.88,280.03,278.8,277.86,280.86,278.48,277.55,277.46,278.38,281.25,278.75,277.78,278.71,276.18,277.23,281.68,281.96,280.33,279.18,278.25,279.58,277.5,281.43,282.33,280.58,280.25,282.5,283.43,281.33,283.38,280.96,280.13,280.08,280.96,283.18,282.83,282.71,280.53,280.93,280.61,280.5,282.0,282.53,280.93,281.75,282.08,281.21,283.08,281.53,280.73,279.48,279.6,282.58,280.98,280.03,279.66,278.36,278.93,280.68,282.55,283.63,283.33,283.73,281.71,278.4,278.71,279.86,281.11,280.11,280.21,280.55,282.53,282.98,282.83,280.46,282.53,284.25,282.61,281.58,282.5,283.63,282.25,283.33,284.06,282.36,281.5,281.86,283.5,282.93,281.61,282.93,282.96,282.28,281.86,280.86,283.28,282.28,281.4,281.43,282.75,283.36,283.4,281.71,281.93,282.3,283.41,284.3,282.36,282.48,283.36,282.73,282.98,283.03,282.73,283.46,284.96,284.68,283.23,283.98,286.58,287.0,285.28,285.23,286.63,287.98,286.38,286.28,287.08,287.53,284.0,284.98,286.16,287.8,287.53,288.38,288.46,287.05,285.83,285.55,287.55,288.0,286.66,287.78,287.63,287.11,287.03,288.91,290.48,291.3,290.91,291.03,290.68,290.33,289.58,289.65,290.23,290.38,287.61,287.13,286.88,287.73,288.0,289.8,290.88,289.25,290.16,290.86,290.86,291.83,291.88,292.48,290.68,290.61,292.08,292.55,289.83,288.35,289.41,289.86,289.03,289.48,289.55,290.78,290.38,290.25,290.38,290.75,288.68,290.36,289.18,290.08,286.98,287.38,290.41,288.93,287.96,288.38,288.46,289.3,288.08,286.63,286.71,287.71,288.16,288.66,288.56,287.43,287.65,289.05,291.58,291.03,289.63,287.23,286.41,287.66,287.28,286.81,287.46,290.03,290.46,288.98,288.68,286.38,286.81,287.41,287.25,284.71,284.35,284.93,286.71,288.21,287.75,286.03,287.21,287.93,284.5,284.81,287.96,288.0,288.38,288.86,285.18,282.43,282.75,283.48,286.88,284.81,282.53,284.68,285.86,284.4,283.38,284.16,282.53,282.21,281.86,281.16,282.0,283.66,283.21,282.13,283.25,281.73,280.98,282.25,283.55,286.68,285.43,286.0,285.21,282.93,283.96,285.86,282.4,281.78,281.78,282.75,284.08,279.93,279.86,281.28,285.03,281.28,284.73,282.86,280.98,280.46,280.55,280.38,279.4,278.93,278.46,282.0,280.23,284.06,280.33,279.8,279.78,280.41,283.23,283.58,282.05,282.13,281.78,282.36
282.46,281.81,282.28,280.91,280.05,280.28,280.53,280.13,280.88,282.75,282.8,281.58,280.55,278.66,278.18,280.21,280.8,283.36,282.53,278.6,280.88,279.63,281.25,280.78,283.61,282.66,282.9,280.21,280.88,284.71,284.33,280.85,278.3,282.43,282.1,282.58,284.08,284.05,283.11,282.83,282.38,282.15,281.11,278.38,280.13,279.63,278.58,278.28,276.75,278.36,281.63,283.9,283.13,283.71,284.68,283.3,280.38,280.43,283.03,280.48,279.16,279.25,283.25,282.83,280.98,283.0,283.78,283.36,283.93,280.68,280.58,281.5,280.63,283.98,280.96,280.81,282.65,281.06,283.93,282.25,281.08,280.28,281.81,283.9,283.33,283.46,284.31,284.36,283.88,284.43,285.55,284.73,283.93,283.21,284.78,284.5,282.96,282.46,281.43,280.86,281.06,281.21,282.06,284.23,282.8,282.11,282.96,279.55,280.31,280.96,283.58,283.5,282.0,283.63,284.25,281.36,280.53,281.78,279.68,280.88,284.13,281.98,280.08,279.71,283.71,284.88,284.3,283.46,282.56,282.5,281.85,282.21,283.43,283.48,285.13,285.61,283.66,282.21,284.28,283.83,283.58,281.43,281.13,284.23,284.21,281.38,283.3,285.0,283.75,281.25,283.35,285.25,284.25,285.43,286.0,283.38,282.78,283.36,282.56,285.05,284.8,283.21,283.58,284.28,286.03,283.71,283.68,284.91,284.65,287.16,283.93,284.08,285.66,284.13,286.86,286.58,284.23,284.08,284.58,284.21,286.4,288.56,287.0,286.16,284.11,284.5,285.38,285.23,287.0,286.38,286.68,285.91,286.08,287.33,289.46,289.86,289.53,289.71,289.46,289.0,287.3,289.5,287.88,284.93,284.18,286.36,287.25,287.46,290.5,286.8,287.93,288.93,289.48,291.25,290.55,290.1,290.25,290.31,291.03,291.46,292.0,292.61,292.96,293.15,292.93,291.78,290.21,289.86,290.13,290.55,291.38,288.08,287.03,287.48,288.53,289.23,291.43,291.03,291.16,292.21,291.58,291.43,288.03,286.98,287.38,288.3,287.98,288.6,290.0,290.0,290.68,291.73,291.28,289.0,286.5,287.86,285.38,287.75,287.58,285.83,286.78,289.13,286.55,285.9,285.73,287.68,289.46,286.9,285.05,286.73,285.25,285.05,286.23,288.33,289.21,289.18,286.08,288.33,288.81,285.55,284.21,285.21,286.0,284.36,282.86,285.0,286.31,287.48,287.0,285.48,285.83,285.88,284.81,284.75,284.46,283.61,283.63,285.21,285.23,284.43,285.61,286.08,282.46,283.88,282.5,284.75,286.71,284.5,282.48,285.46,287.38,282.46,283.83,286.68,285.78,283.81,286.33,288.03,285.86,281.71,281.78,282.03,283.88,282.55,283.88,281.48,281.08,282.03,282.36,285.43,284.03,283.3,282.4,281.83,280.03,281.33,281.93,279.56,279.5,278.28,282.18,280.98,282.71,279.03,281.33,281.03,282.65,280.06,277.93,278.68,278.73,280.83,283.75,280.73,279.4,279.93,277.96,281.33,282.53,280.06,277.71,277.73,280.93,279.25,278.63
277.81,277.03,280.33,281.75,281.46,280.11,280.61,280.55,278.4,278.63,279.18,280.43,278.48,278.08,279.15,279.46,277.58,278.78,276.9,274.75,275.31,276.73,278.83,277.66,276.48,277.73,279.68,280.3,278.93,278.78,281.03,280.86,277.98,279.56,279.3,278.78,280.08,279.71,277.33,277.68,277.61,278.23,279.0,278.68,278.66,276.93,277.31,277.61,277.13,278.41,279.23,277.33,276.75,276.96,277.43,277.68,276.88,278.28,280.73,278.25,278.58,279.43,278.88,279.23,278.73,278.3,277.4,279.28,279.78,278.11,276.73,276.0,276.93,280.21,282.21,279.11,278.68,282.96,281.5,279.18,278.68,280.11,279.0,278.75,281.11,279.08,278.48,277.68,276.86,277.08,277.18,277.28,276.46,276.05,278.16,278.91,281.08,281.88,282.28,282.8,280.08,279.33,281.11,282.68,280.41,278.86,280.61,282.13,281.23,281.68,282.25,282.48,279.48,280.73,282.78,282.66,283.93,281.43,281.3,283.33,281.21,280.08,281.23,282.38,281.48,282.36,282.91,279.21,280.33,280.43,284.0,283.18,281.53,281.38,279.56,281.75,280.91,280.43,281.28,281.78,283.05,283.3,283.86,284.63,283.08,281.21,280.48,282.88,280.75,281.25,282.43,283.08,284.75,283.75,282.18,282.21,284.98,283.48,283.21,284.08,283.96,282.63,281.66,284.23,282.23,280.58,282.68,285.18,284.03,283.41,282.63,285.18,283.68,282.83,284.46,285.46,283.16,284.23,286.86,283.71,283.21,284.11,282.91,283.41,286.05,287.75,287.75,284.65,282.35,284.0,286.53,287.0,285.61,286.16,285.28,285.03,285.61,285.21,285.66,287.16,287.98,288.58,289.25,289.88,290.43,288.28,288.88,288.83,286.36,287.1,289.55,288.25,288.11,289.18,289.75,290.21,289.93,290.43,291.15,291.38,290.65,291.11,290.85,290.75,290.53,290.46,291.53,292.23,292.46,292.18,291.91,292.06,292.0,290.85,291.93,292.93,293.9,294.43,294.05,294.71,294.6,294.71,295.33,293.98,292.63,293.23,294.88,293.41,294.96,294.78,294.21,293.43,291.36,288.98,290.5,291.33,290.93,293.91,294.48,292.21,289.58,288.21,287.41,289.9,291.96,289.33,288.21,290.61,291.23,290.5,291.46,287.78,289.8,288.11,285.53,284.71,285.33,287.83,288.03,288.65,289.66,288.85,285.58,286.63,288.33,288.25,285.66,286.98,286.43,284.38,286.08,286.11,283.9,284.5,284.5,283.55,282.18,283.75,288.18,284.11,283.9,284.7,284.13,286.73,284.13,281.58,281.03,280.4,282.53,283.33,281.63,282.11,282.36,281.53,282.3,282.3,283.78,282.25,284.18,280.16,280.5,281.03,283.46,285.15,282.66,281.0,283.03,281.53,281.11,283.18,280.93,282.11,281.98,280.21,280.33,282.68,282.58,282.66,282.78,281.43,280.98,279.88,279.61,282.0,281.9,279.23,279.13,282.05,281.48,283.73,283.08,280.5,283.43,280.43,279.43,281.73,281.5,282.03,282.56,279.53,278.25,278.3,281.86,281.9,281.16
280.21,280.61,279.8,279.38,280.48,282.56,280.58,281.16,279.53,278.46,277.91,279.56,281.91,280.05,279.98,281.88,281.41,281.96,282.3,281.21,282.41,282.55,280.36,281.75,282.9,280.56,280.61,281.91,279.28,280.3,279.68,276.13,277.88,279.35,277.08,278.05,280.38,280.08,281.43,282.0,282.11,280.21,280.61,278.5,277.66,282.33,279.65,279.83,278.21,279.91,282.78,280.96,280.8,281.38,279.65,277.38,279.25,282.16,280.66,281.28,280.25,279.61,278.11,277.16,277.71,278.15,278.36,278.15,278.93,279.43,280.63,281.66,280.71,279.33,280.18,279.61,279.58,280.96,281.0,278.63,280.75,283.55,281.86,279.86,279.93,281.03,280.33,280.21,282.28,279.98,279.73,281.11,281.98,281.3,280.46,279.41,283.21,282.18,280.63,280.61,279.78,278.73,279.13,281.78,283.41,281.41,280.93,280.61,278.78,279.91,279.48,279.68,279.9,279.58,277.83,278.58,279.98,279.61,281.0,280.33,279.4,278.61,279.63,279.93,279.18,278.81,280.73,281.55,281.75,281.73,281.63,282.41,282.4,281.58,281.53,281.63,280.83,280.23,281.15,281.48,280.96,281.28,280.38,280.08,280.28,280.25,280.28,282.46,284.48,283.13,282.35,283.46,282.83,283.05,282.78,282.36,283.05,283.21,281.88,281.78,283.16,282.86,281.96,281.91,282.63,283.46,283.46,283.15,284.0,282.83,282.55,284.13,283.38,282.96,282.61,284.46,283.61,284.33,285.43,284.0,282.08,283.23,284.33,285.18,287.13,287.88,286.61,285.93,285.73,285.96,286.03,285.78,286.33,286.28,286.28,286.68,287.55,288.53,287.73,287.58,286.05,285.46,284.38,285.83,289.0,289.25,289.06,288.03,286.66,287.13,288.93,289.71,289.86,289.4,285.78,285.96,285.88,286.16,286.36,286.66,286.91,287.16,287.18,287.91,289.11,290.21,290.98,290.83,291.13,290.78,291.33,291.11,292.0,292.05,292.11,292.88,293.23,292.63,292.55,292.28,292.03,292.16,292.21,291.93,292.5,293.78,294.66,292.18,291.11,290.66,291.83,290.98,293.73,290.73,287.66,291.8,291.46,287.46,287.33,288.46,291.83,292.53,287.71,286.66,287.03,288.48,288.46,287.43,286.46,287.83,288.55,290.13,285.83,285.38,288.11,286.58,285.75,287.18,285.3,286.96,286.11,284.66,286.61,283.48,283.2,283.43,283.73,282.46,282.68,283.73,284.73,284.75,284.9,283.86,283.41,282.08,282.86,285.83,285.3,285.33,286.23,286.53,285.63,284.93,284.48,284.23,284.38,285.25,283.03,283.78,284.63,283.33,284.11,285.28,286.0,284.3,285.78,284.31,281.95,281.58,283.33,282.21,284.63,282.81,281.43,280.68,279.86,280.78,281.25,282.23,282.05,280.21,281.61,282.38,281.18,280.16,279.98,284.13,280.03,280.81,282.6,283.78,286.86,282.28,282.5,279.21,279.36,281.61,282.5,281.78,283.48,282.18,283.0,282.98,284.43,282.58,279.96,280.96,281.86,282.8,281.98,282.93,283.3,280.88,279.46
279.38,279.46,279.08,280.65,281.73,281.38,278.53,278.48,278.48,277.86,278.25,278.55,277.58,277.93,280.68,278.41,279.86,281.16,278.68,278.91,279.13,278.28,281.16,280.58,280.55,281.15,280.15,279.66,278.73,279.93,282.58,279.5,278.91,279.53,279.65,279.41,280.23,281.03,281.18,279.83,281.33,281.28,278.36,277.63,277.66,280.13,283.13,281.93,282.58,283.23,281.96,280.63,278.46,281.28,282.3,283.28,281.5,281.33,282.8,280.5,279.65,281.21,284.21,284.38,280.61,282.23,282.16,278.91,280.16,281.46,279.33,281.71,279.0,279.08,280.78,277.35,276.43,278.3,281.25,278.58,278.03,280.78,282.53,281.58,282.23,283.15,280.33,280.85,279.48,277.61,281.55,283.46,280.83,278.4,278.93,279.13,279.85,281.61,279.46,279.63,279.73,278.18,281.28,279.83,283.43,279.91,280.23,282.73,282.98,280.25,278.71,279.78,280.8,279.65,278.3,278.71,279.21,279.88,280.25,281.13,282.28,283.05,281.31,281.83,282.9,282.4,282.81,282.56,282.71,285.03,283.16,282.61,283.33,280.81,281.08,284.5,285.23,284.55,284.43,281.91,282.83,283.71,281.93,283.68,285.23,285.13,283.78,283.08,285.08,282.21,283.93,282.38,281.23,282.28,282.21,282.48,282.05,282.75,284.33,281.73,281.38,282.63,282.03,281.88,280.88,281.0,282.73,283.06,282.53,283.03,283.41,283.88,285.03,287.48,288.0,287.08,287.86,288.0,288.28,287.98,288.25,287.91,287.61,287.83,288.36,289.36,290.15,290.16,289.93,289.91,289.78,289.16,288.78,286.13,287.75,286.98,284.75,286.25,287.15,288.61,289.83,288.48,287.48,287.55,288.08,287.31,287.0,286.73,288.98,292.5,288.8,286.75,289.25,291.85,290.93,289.53,290.1,291.61,291.4,291.31,292.23,291.16,289.33,288.93,289.0,286.98,288.38,288.8,289.78,292.05,292.73,292.8,292.3,290.5,289.21,290.58,291.75,292.23,292.93,292.88,293.35,293.15,293.43,292.63,293.58,293.48,294.46,294.61,293.31,292.06,292.16,291.98,291.98,293.85,292.61,293.81,294.81,293.68,294.13,292.58,291.23,292.4,292.28,290.08,288.36,287.13,287.18,289.13,286.63,287.13,290.21,287.68,286.61,285.13,283.71,284.73,288.31,288.18,289.43,290.21,286.48,286.43,287.48,288.93,285.61,284.08,284.53,286.18,287.25,286.16,285.86,286.46,286.38,287.23,288.0,286.93,288.0,285.36,285.13,286.75,284.91,288.23,284.83,283.96,283.58,283.88,287.68,287.31,283.86,283.08,285.5,283.5,282.75,283.0,284.08,283.93,283.73,283.41,284.5,286.41,285.53,283.03,282.33,285.33,282.46,283.06,283.68,283.53,285.83,286.4,286.0,286.25,282.08,283.46,283.9,280.61,281.8,279.21,279.21,282.71,280.58,279.61,279.55,280.65,282.05,281.25,281.88,280.0,279.46,279.86,280.55,280.36,282.25,279.78,280.18,278.98,277.98,278.48,282.08,280.83,280.68,280.88,280.8,279.93,280.86
281.51,279.68,279.76,278.16,277.03,278.03,281.69,278.96,280.76,278.26,277.59,277.64,279.11,279.24,279.31,278.23,278.59,279.39,280.18,279.66,277.54,278.38,277.71,279.98,280.99,278.88,279.11,277.41,278.91,278.91,277.39,277.34,278.18,277.76,278.96,278.18,276.44,277.58,277.74,278.49,279.31,278.31,277.89,278.71,279.87,280.26,279.36,278.71,280.79,279.66,279.26,279.63,278.76,277.77,278.06,277.48,276.59,278.91,280.89,279.46,279.99,280.93,280.41,279.99,279.76,279.96,280.66,280.61,279.53,277.24,278.91,278.74,282.81,281.84,279.34,277.78,277.86,281.14,280.26,279.86,281.11,282.06,279.46,279.34,282.18,281.79,279.78,280.31,279.66,281.76,278.94,279.91,283.21,280.76,279.41,278.54,281.44,284.46,281.63,281.01,282.11,280.33,281.28,282.36,282.61,282.21,279.24,278.61,279.21,279.33,281.71,282.81,281.96,280.88,280.94,279.99,281.29,282.94,281.74,283.41,284.41,280.68,280.46,282.34,282.28,280.11,279.19,280.69,282.26,281.74,281.83,282.99,283.38,282.14,280.34,279.89,280.34,280.91,281.88,282.73,282.99,284.14,281.56,282.21,284.21,281.46,281.18,283.93,282.71,281.46,283.09,284.69,283.41,281.22,281.79,285.61,282.51,282.84,282.46,283.26,282.68,280.96,283.03,284.86,284.93,286.74,285.54,284.59,284.99,283.76,283.61,283.01,282.93,285.03,287.86,285.59,286.69,285.79,284.76,284.74,285.39,287.94,286.71,284.39,284.89,285.22,286.92,286.44,286.66,284.53,285.46,285.46,285.51,289.49,287.41,287.26,289.27,288.39,288.16,288.04,286.43,286.04,286.36,286.84,286.04,287.61,287.54,287.28,288.61,289.39,288.39,287.01,287.41,289.48,289.01,291.11,289.64,288.79,288.61,289.91,291.59,291.71,289.86,288.24,290.09,288.22,287.66,288.41,289.19,287.89,287.56,288.26,288.63,288.14,288.03,288.29,288.54,287.71,288.72,291.18,287.34,288.74,286.84,286.76,287.96,288.96,290.16,290.66,289.91,287.74,285.46,286.59,286.83,287.11,289.46,289.18,287.04,288.64,290.02,288.64,288.46,287.24,287.88,290.44,292.01,291.86,290.89,288.81,288.19,289.44,289.14,288.56,286.63,286.24,287.84,287.34,285.16,288.11,286.41,287.31,287.96,284.96,286.14,287.31,284.59,285.24,285.39,287.37,286.69,284.56,284.51,287.19,284.93,284.31,283.46,283.24,283.06,285.04,282.61,283.54,282.79,282.99,281.51,282.94,282.14,282.73,282.21,282.26,281.71,283.06,283.81,283.11,281.71,283.19,283.01,286.76,286.54,284.48,282.49,283.91,283.64,282.43,282.86,283.19,281.79,280.18,282.48,281.21,281.26,281.06,284.44,282.21,280.44,282.49,280.56,282.59,283.27,280.71,279.53,282.14,281.68,280.76,280.39,279.91,279.56,282.24,280.71,281.93,279.64,281.91,281.59,280.89,278.11,277.86,280.76,279.48,280.19,276.96,279.71,279.76,277.46,278.94,278.56,281.74,278.41
278.11,281.56,281.68,279.86,278.91,279.43,278.68,279.54,277.51,279.39,281.66,280.54,278.88,281.46,279.31,278.84,277.56,278.04,282.24,280.61,282.16,280.96,276.92,277.51,279.71,281.46,280.99,277.01,277.18,275.78,276.51,277.94,277.36,275.89,277.41,281.14,279.19,279.31,278.26,278.06,277.74,276.98,277.76,277.84,278.66,278.43,278.81,279.28,276.89,277.74,280.91,278.84,277.76,277.91,279.09,278.63,278.11,279.21,279.51,279.34,278.99,280.09,281.29,279.89,278.76,278.37,279.74,280.71,278.44,280.64,279.93,281.61,279.36,278.61,280.21,281.76,281.21,282.49,281.51,278.61,281.06,277.28,277.08,277.84,276.26,278.74,278.81,277.34,277.31,280.06,282.76,278.91,278.93,279.76,277.24,279.04,279.26,278.23,279.09,280.68,279.31,279.11,282.04,281.36,279.99,279.61,281.34,278.34,278.39,278.89,280.06,280.89,279.94,279.11,279.18,279.99,281.44,281.61,280.51,283.09,278.89,279.41,281.24,279.01,279.21,281.06,282.36,283.61,283.64,283.79,283.47,280.48,280.51,281.28,282.51,282.79,280.93,279.96,279.54,280.81,284.16,285.19,285.51,284.66,283.86,283.99,285.04,283.19,281.99,282.47,280.31,281.16,282.66,285.11,284.84,282.84,280.91,281.51,284.01,285.89,285.64,284.26,282.24,285.11,286.67,286.89,286.91,284.72,283.86,283.16,283.46,285.14,283.11,283.66,283.81,285.21,283.76,283.72,282.96,284.86,286.11,283.58,287.21,286.46,283.5,283.31,284.46,283.5,283.66,283.23,283.71,284.11,283.73,284.36,287.48,286.75,286.46,286.5,286.75,286.71,287.1,287.3,284.36,287.43,289.33,289.83,288.75,287.08,285.73,285.53,288.05,289.8,289.8,288.33,287.68,289.18,287.96,286.5,285.13,285.85,288.08,288.21,287.95,288.8,288.75,289.05,287.66,286.3,286.58,287.68,289.88,289.55,288.38,288.28,287.16,289.0,290.71,287.68,288.18,290.03,289.73,291.68,292.25,290.16,289.33,289.3,289.21,288.21,286.86,286.53,288.08,287.88,289.71,290.06,287.88,286.68,290.05,287.48,285.48,287.75,288.63,285.41,285.78,289.53,285.18,284.75,286.23,289.11,285.61,284.25,284.55,286.03,288.11,285.18,284.18,282.83,283.3,284.36,287.56,286.3,283.75,283.73,283.33,286.05,284.96,286.0,288.53,287.66,287.98,284.96,284.98,287.3,283.78,283.05,287.73,285.48,284.75,283.33,283.4,282.68,283.11,286.18,285.36,286.08,287.05,283.56,282.71,282.66,284.25,281.46,284.66,283.63,281.28,281.08,281.31,283.63,283.03,281.53,284.68,281.8,280.63,280.86,284.25,283.41,285.43,282.13,283.18,281.93,282.23,285.25,282.36,281.4,284.93,282.03,280.03,280.18,282.75,281.78,279.25,282.05,282.28,280.11,279.41,280.61,278.93,278.88,281.13,283.11,282.73,279.53,280.88,283.46,279.83,280.28,282.11,281.75,279.03,278.48,279.4,281.61,282.3,280.31,281.0,281.03,282.88
283.53,279.28,280.68,278.25,278.16,279.16,277.48,276.46,277.93,282.03,279.33,279.21,277.68,278.71,278.66,281.05,282.25,278.93,279.86,278.08,277.0,277.21,277.53,276.58,277.63,281.58,282.23,280.18,280.75,279.18,279.28,279.85,277.86,275.48,277.33,278.9,279.43,279.21,281.98,279.0,278.38,278.91,281.58,278.75,280.88,279.98,279.75,279.98,277.61,277.23,278.88,278.25,277.23,277.78,276.98,279.75,279.3,277.88,277.28,277.63,276.33,275.83,277.65,280.93,278.66,277.56,281.28,277.23,277.08,276.86,277.61,277.38,279.16,280.0,277.5,278.3,277.66,277.36,280.08,279.98,279.53,277.3,276.71,277.28,281.43,280.28,282.93,281.46,279.48,280.21,280.41,277.83,279.38,277.63,278.23,278.96,278.23,276.9,280.98,282.05,279.15,279.13,277.68,277.21,278.25,280.86,280.3,281.3,280.55,280.88,280.55,281.66,279.65,280.63,283.5,281.11,279.05,278.5,280.83,279.18,280.63,282.48,283.0,282.93,280.68,279.18,283.53,281.35,283.18,284.03,281.16,280.75,280.9,282.33,284.68,283.15,280.63,280.21,280.53,280.46,284.38,280.71,282.13,284.86,285.53,281.55,281.96,285.55,280.91,280.38,280.23,280.05,283.53,285.15,283.65,282.43,283.63,285.28,283.88,283.28,282.28,281.98,285.5,285.61,283.63,283.25,282.36,281.48,281.71,283.31,281.38,282.33,283.73,283.21,285.41,284.86,285.75,284.03,282.5,283.83,283.75,285.23,287.41,284.63,284.55,283.36,286.36,285.83,287.43,288.23,288.53,287.96,288.61,288.08,285.0,284.36,285.56,285.53,288.46,287.61,286.98,285.93,286.46,285.63,286.63,287.4,287.78,285.28,286.43,285.75,285.58,284.53,285.0,286.68,288.9,290.08,290.58,290.58,290.83,290.86,290.71,291.71,292.0,291.36,291.53,291.86,288.65,289.43,288.06,290.96,290.98,287.25,289.03,291.41,289.15,289.31,290.18,286.3,287.16,290.61,291.33,289.61,287.18,285.86,284.88,288.11,290.38,289.41,289.0,286.25,289.55,288.98,285.86,285.28,285.55,286.68,286.21,287.71,289.13,289.78,291.0,285.11,285.48,285.43,285.81,286.56,287.83,287.21,289.66,284.38,283.68,283.1,286.16,284.48,284.48,288.03,283.96,285.1,288.03,284.71,283.21,282.73,284.43,287.5,287.0,284.86,283.0,283.13,287.0,287.93,284.21,284.5,287.05,286.41,283.0,282.48,285.36,286.66,284.86,285.75,283.83,282.05,282.55,288.61,285.65,282.18,281.9,283.0,284.38,284.3,286.28,283.38,284.73,282.83,283.71,283.68,284.71,281.53,282.83,284.61,283.8,284.68,284.98,283.8,284.03,282.25,287.91,285.9,283.48,278.88,284.3,283.23,279.06,283.23,284.98,281.53,279.71,279.48,278.98,279.5,279.5,279.96,280.0,278.63,278.13,281.91,279.66,279.5,279.68,278.98,283.3,283.68,282.25,281.96,280.48,281.55,284.61,283.53,281.38,284.41,282.23,281.05,283.16,284.48,282.18
282.16,280.03,281.66,283.66,282.75,280.56,282.4,279.55,281.46,281.23,277.75,279.6,284.18,284.46,282.31,280.43,279.36,278.8,277.38,278.78,278.3,282.03,282.6,278.06,278.05,281.55,279.98,277.83,278.16,281.8,281.93,280.53,278.81,282.03,283.63,282.9,281.81,280.96,282.68,281.13,278.06,278.58,280.88,280.36,281.21,283.13,283.16,280.53,280.03,278.63,283.08,282.96,281.98,284.0,285.13,281.68,281.18,282.5,281.65,280.18,280.58,281.13,280.73,279.75,279.61,280.23,280.88,282.48,283.81,282.9,280.21,278.0,279.23,281.08,280.08,279.8,278.88,277.73,281.18,282.21,282.83,281.03,280.25,278.63,277.81,280.03,280.18,279.96,283.63,281.98,279.55,277.68,278.21,278.86,278.75,279.16,282.23,282.38,278.58,278.86,279.23,281.28,281.15,282.23,281.58,279.65,280.93,282.21,284.0,284.43,284.71,282.68,283.0,279.96,281.03,281.71,284.0,281.61,280.98,283.18,285.03,283.43,280.75,283.3,283.23,280.38,281.61,284.13,283.08,283.05,281.43,284.78,284.11,282.03,281.03,281.46,281.61,282.08,283.46,284.73,285.66,285.98,285.53,284.68,285.31,284.03,282.36,284.21,282.11,282.23,283.83,281.63,281.15,282.55,283.73,284.48,285.66,284.36,282.75,282.93,284.48,284.53,284.86,284.1,283.58,284.23,283.23,286.36,287.03,283.98,283.33,282.8,282.98,284.33,285.93,287.05,289.08,288.93,288.23,287.98,288.18,288.73,289.38,289.71,289.41,288.46,287.93,287.78,287.0,288.05,290.03,290.23,289.71,290.38,291.58,290.73,291.03,291.66,291.36,291.43,291.36,291.5,291.81,292.73,292.11,291.61,290.86,289.58,290.48,288.68,290.5,291.58,292.03,292.36,291.33,292.43,293.18,293.33,293.71,292.0,287.6,288.46,290.71,288.73,288.61,288.36,289.38,289.48,290.75,292.08,289.8,289.8,289.48,288.86,290.28,289.28,289.48,292.65,291.68,289.61,290.03,290.03,291.3,292.11,290.16,291.58,290.28,287.18,286.78,289.48,289.46,288.43,288.65,287.83,287.16,286.96,289.75,291.73,292.03,291.13,288.53,288.96,287.41,287.86,290.0,286.08,286.46,288.65,285.31,284.13,285.03,288.36,288.08,284.93,285.71,287.21,285.5,283.98,285.63,283.9,283.36,287.21,287.33,286.28,287.61,285.13,285.63,283.13,283.61,285.03,287.0,288.11,287.48,286.61,286.8,288.83,287.73,286.46,284.48,284.08,284.96,284.53,285.43,288.28,284.75,283.25,284.03,286.83,287.63,288.03,283.93,281.23,280.4,280.4,281.38,284.75,285.28,280.53,281.43,285.3,281.58,283.9,284.98,287.1,284.11,283.21,282.06,281.43,284.58,282.56,282.28,280.75,279.05,279.46,283.23,281.58,280.41,280.88,279.63,279.46,283.78,282.53,280.68,284.43,282.13,281.18,283.18,282.31,281.08,280.98,281.73,283.96,284.23,282.11,281.75,283.08,282.56,280.63,279.9,283.25,278.8,278.68,280.5,282.98,284.5
283.68,283.18,281.33,279.53,283.78,280.08,279.71,280.11,282.36,280.28,281.33,283.48,278.38,280.73,282.23,281.31,278.68,283.23,279.33,279.46,282.63,281.48,278.03,278.5,283.05,283.36,282.68,281.33,283.05,279.33,282.98,279.25,279.88,282.46,278.58,279.73,283.81,285.03,281.36,277.46,279.33,282.83,279.5,278.68,281.38,281.68,280.23,277.86,279.91,283.0,283.28,278.25,276.93,275.53,275.43,278.0,278.71,279.48,281.46,283.11,277.95,280.83,278.55,277.46,279.66,283.93,282.33,281.63,284.33,283.5,281.43,278.46,278.23,281.23,282.11,282.68,282.0,280.66,278.63,278.98,279.36,280.83,281.46,281.13,281.88,283.16,282.25,281.73,280.4,281.96,281.38,280.18,279.56,283.11,279.0,278.73,279.73,281.88,281.58,280.73,279.25,279.61,279.63,281.5,284.43,283.18,280.96,283.41,282.5,281.25,281.0,279.81,279.4,278.8,279.43,279.88,280.13,278.96,279.08,279.33,279.28,278.58,279.68,283.66,284.08,282.55,282.68,282.86,281.21,282.38,284.0,283.5,282.48,283.96,283.73,284.5,285.58,284.73,284.48,284.38,286.58,285.0,284.36,285.75,284.36,284.25,283.13,283.16,285.65,283.0,282.33,282.13,284.08,283.75,282.53,283.3,283.0,284.11,285.96,284.38,282.5,282.28,281.28,282.18,285.53,285.58,284.38,283.55,285.18,284.21,283.46,286.55,287.75,287.91,288.53,288.53,289.13,289.66,289.88,289.33,290.15,289.46,290.46,290.03,289.53,286.23,289.08,289.55,287.46,286.3,287.28,289.81,286.21,285.58,287.61,289.53,289.83,291.03,290.5,290.56,291.0,290.68,289.28,289.21,289.23,289.1,289.73,287.23,286.63,287.68,289.93,290.6,290.46,290.58,291.33,293.11,293.48,292.88,293.0,292.65,292.16,292.36,293.41,293.21,294.75,294.28,294.75,292.93,292.06,289.58,289.56,292.68,294.58,294.93,294.73,294.5,294.16,294.55,294.96,292.8,293.28,293.63,294.31,294.05,291.98,290.78,292.53,294.91,293.98,293.4,291.5,291.98,291.3,290.5,291.58,289.18,291.38,289.4,288.68,290.56,287.75,286.36,285.63,288.38,289.68,286.0,286.08,287.28,284.81,283.93,284.78,284.48,286.18,287.8,284.5,284.68,286.55,289.73,288.71,285.28,285.11,286.93,288.78,287.21,289.36,288.86,286.5,286.28,284.98,285.4,287.08,284.56,285.5,288.06,287.58,284.25,284.61,286.9,281.88,285.16,288.28,287.91,287.13,285.68,283.23,282.28,282.38,283.21,283.75,282.98,282.46,280.83,281.48,282.21,281.4,281.98,285.0,285.73,282.53,283.3,286.96,288.56,288.48,286.46,280.81,280.5,281.48,282.58,284.73,284.88,284.43,283.18,286.13,286.93,286.31,281.33,282.38,285.36,283.88,281.75,281.25,283.61,283.93,282.05,284.48,286.48,286.03,287.03,285.73,282.21,281.25,282.25,283.65,284.28,286.78,284.5,283.48,282.81,282.25,284.9,283.65,282.58,284.3,284.08,285.23
283.58,280.63,281.85,281.83,285.46,284.38,285.53,283.28,283.16,285.75,283.73,282.43,283.36,284.0,283.3,281.03,283.48,278.53,277.18,283.58,282.38,282.68,283.13,285.18,284.38,284.4,282.61,281.0,281.21,282.86,282.88,282.11,279.83,277.66,278.75,279.13,283.18,283.53,282.96,280.73,279.83,279.5,279.28,277.8,283.0,282.38,281.81,281.75,279.91,283.4,284.61,283.13,280.78,280.06,279.28,280.15,281.18,279.71,278.53,279.78,281.43,284.25,285.16,282.56,282.43,284.05,284.83,285.28,283.98,284.68,281.15,283.56,283.78,283.31,285.5,281.58,282.08,285.21,281.55,280.13,282.91,283.93,281.86,279.38,282.8,284.13,281.63,280.21,282.28,280.5,283.5,280.78,280.21,280.13,280.75,281.98,279.58,281.36,282.83,280.38,279.3,284.08,283.36,281.36,281.03,282.88,282.88,282.28,281.18,284.33,285.08,283.5,285.75,284.36,281.55,281.61,280.55,280.0,283.08,281.58,279.78,282.43,284.73,284.88,283.61,282.0,283.58,282.9,281.05,281.46,283.81,284.71,282.28,281.96,284.38,283.73,282.16,281.18,281.86,283.73,284.43,285.15,283.75,283.08,283.71,282.93,286.28,287.18,286.25,282.13,282.18,284.43,285.15,282.18,281.91,286.3,287.18,285.25,282.96,283.61,284.8,284.78,285.11,285.18,287.65,286.63,286.11,287.5,286.4,284.0,285.28,288.23,288.9,288.88,288.53,287.48,284.86,287.81,287.18,284.71,284.38,285.15,286.61,287.63,288.8,287.56,284.9,285.23,287.48,289.25,289.73,290.71,290.71,290.61,291.18,290.71,287.53,287.38,287.58,288.03,288.28,287.88,290.38,290.48,288.18,289.91,291.16,291.71,291.96,292.48,293.13,292.88,293.0,293.23,293.5,294.13,295.23,294.93,295.56,294.96,290.5,288.08,287.93,290.58,291.53,288.16,288.3,289.25,294.0,291.68,289.88,288.83,288.78,291.91,293.46,293.23,293.41,292.93,293.05,292.71,292.55,293.53,293.05,290.61,291.73,289.33,288.48,291.11,290.83,287.48,289.48,290.71,288.53,289.91,291.38,286.61,287.21,285.71,287.06,285.88,286.25,287.96,289.25,288.5,285.63,284.86,284.88,285.28,287.48,286.11,283.66,283.71,286.86,286.68,286.78,284.23,284.16,286.66,285.28,284.75,283.18,283.23,282.9,282.91,281.38,281.63,282.8,285.71,284.23,283.53,283.55,281.9,283.16,286.41,285.88,288.73,288.28,286.78,284.0,284.61,283.21,284.61,285.73,283.63,284.71,283.63,282.13,281.73,282.63,282.93,284.23,282.71,281.46,281.28,281.48,283.61,283.91,280.41,281.88,281.83,282.25,280.73,280.75,283.75,282.43,282.66,281.18,280.85,283.03,284.53,281.03,281.3,281.88,283.93,283.38,280.81,284.5,280.21,280.0,281.3,280.28,280.18,283.96,284.86,283.81,280.28,283.16,282.66,279.28,278.35,279.88,280.86,281.3,283.41,281.65,279.58,278.96,277.58,279.1,282.48,281.05,281.48,279.46,285.46,283.28
282.23,280.63,279.98,282.18,277.8,279.66,278.03,276.5,277.58,278.05,279.61,277.36,277.05,278.35,279.78,277.4,277.03,278.08,279.03,282.0,279.48,277.66,277.4,280.08,278.83,277.71,276.5,276.73,276.58,276.36,279.96,278.83,279.43,283.78,279.83,281.21,281.73,282.83,280.28,278.98,281.36,281.96,281.46,282.53,281.41,281.63,283.2,281.08,280.08,280.88,281.05,281.43,280.8,280.16,277.3,277.36,277.61,282.21,282.55,281.8,280.5,281.66,281.63,282.11,278.8,278.46,282.21,280.18,277.73,277.18,280.4,280.36,277.65,277.88,277.78,281.63,281.5,278.78,279.03,280.53,278.93,283.08,279.43,279.43,278.41,280.5,282.28,280.68,277.33,277.73,278.43,278.75,281.08,281.25,280.73,281.11,281.36,281.5,282.16,282.13,281.58,280.33,279.46,279.16,278.96,277.73,277.81,277.91,278.98,280.28,281.18,282.75,282.96,282.23,281.48,279.71,280.98,283.0,281.31,279.98,280.0,279.81,279.83,281.38,284.55,285.35,285.61,285.73,284.98,284.15,285.23,284.6,284.33,284.78,284.71,284.66,284.5,284.5,284.43,283.56,283.53,283.38,283.71,284.66,283.55,282.0,281.73,281.18,280.75,282.78,281.83,282.18,283.48,283.41,282.73,282.71,284.33,283.5,285.68,287.0,285.55,285.41,284.61,284.03,284.98,285.71,283.9,283.23,282.63,282.75,283.43,283.23,284.28,285.25,286.71,287.31,286.63,286.13,284.36,284.13,284.98,287.38,285.71,288.36,285.5,285.71,285.93,284.86,287.55,288.83,287.48,286.88,288.35,285.75,285.0,285.5,284.86,284.98,285.78,288.33,288.25,285.96,288.61,288.33,289.9,289.63,289.68,288.66,287.46,286.38,289.38,290.13,289.36,289.16,290.56,290.0,291.15,291.8,292.13,292.48,292.43,292.21,290.8,287.75,288.23,291.05,289.71,286.91,290.43,291.41,288.08,288.58,291.1,290.08,286.9,287.98,289.61,291.13,290.41,290.3,290.9,292.11,289.46,287.08,287.18,289.5,291.58,291.88,291.55,291.88,291.55,291.86,291.88,290.96,291.23,291.91,292.05,291.25,291.18,292.38,292.23,290.83,288.81,288.75,288.71,290.55,288.31,285.48,288.16,289.06,286.9,287.38,288.66,285.71,285.46,287.73,287.48,286.03,288.55,290.18,288.86,285.43,284.75,284.85,285.25,284.21,285.75,285.11,286.23,288.28,285.63,286.0,286.03,283.53,284.21,288.21,284.43,286.05,284.68,288.63,285.5,285.38,283.25,281.28,281.1,281.71,285.33,282.8,281.8,281.8,282.23,285.16,283.23,283.63,281.93,284.21,283.0,282.43,279.83,280.58,280.25,281.63,283.11,283.71,280.66,283.8,281.78,279.86,281.63,281.0,285.0,282.58,280.38,282.46,282.73,279.83,282.33,282.41,282.55,285.58,280.38,279.15,281.55,283.75,286.3,278.66,280.53,280.3,280.53,280.73,281.08,283.43,284.71,285.23,284.41,282.91,283.46,281.86,283.06,284.05,282.98,281.68,281.83,284.83,284.06
283.93,284.63,284.13,280.96,282.25,281.66,283.36,280.75,281.05,282.88,279.58,280.33,283.68,283.46,281.91,280.53,276.96,276.43,277.43,278.43,280.28,281.98,281.0,279.58,279.28,278.9,279.11,277.53,276.78,276.3,277.5,278.33,280.96,281.85,279.98,279.13,280.63,279.58,280.43,282.43,279.28,279.15,278.86,278.96,280.25,279.68,281.48,281.65,280.58,281.86,279.93,282.28,280.66,280.03,283.5,284.33,282.48,279.48,277.93,278.98,280.48,279.13,278.93,279.06,279.78,279.73,279.75,281.53,282.66,283.21,280.05,279.73,279.65,280.63,281.55,280.11,280.58,281.73,280.36,278.86,278.98,280.03,281.53,278.66,281.85,279.83,279.75,279.63,282.48,278.93,278.53,279.28,281.85,283.75,281.08,279.5,280.88,279.5,280.41,282.78,281.66,280.13,280.33,280.38,277.98,278.75,280.25,281.03,282.48,283.86,282.11,279.58,280.25,281.7,282.56,280.0,280.91,281.71,280.98,281.48,282.31,282.71,280.66,280.13,282.68,279.73,279.75,280.48,283.3,283.13,280.25,279.43,282.23,282.4,283.11,283.98,285.2,284.8,282.38,281.5,281.05,281.81,284.56,281.53,282.5,283.78,281.13,282.58,283.21,283.61,283.3,281.86,282.28,283.05,282.41,282.53,282.33,281.36,281.93,282.18,282.88,283.2,283.36,283.0,282.25,282.05,281.98,282.36,284.05,285.23,286.05,283.13,282.68,282.98,283.71,286.5,285.31,284.78,283.28,283.23,285.8,286.28,285.63,284.75,284.41,284.55,285.38,285.53,286.73,287.56,288.21,288.21,289.03,285.3,284.78,285.91,287.81,285.96,287.16,286.66,285.86,285.71,285.55,285.91,285.68,287.11,289.33,289.88,290.13,289.46,289.11,286.73,285.25,285.78,286.48,287.36,287.66,287.38,287.46,287.66,288.58,290.0,290.03,291.38,290.05,287.33,286.88,287.21,289.8,289.66,288.75,287.83,287.66,289.36,289.75,287.33,289.55,288.55,286.08,287.55,286.61,286.48,287.11,288.21,288.75,288.23,289.55,288.08,287.46,287.0,288.66,291.16,290.03,288.0,287.48,288.88,290.11,287.3,286.16,286.91,288.58,289.41,287.38,287.16,288.48,289.13,286.3,285.83,285.83,285.91,286.21,287.5,286.08,284.23,285.21,285.85,287.05,285.33,286.5,287.98,287.63,285.21,288.31,288.1,287.86,288.61,285.5,285.3,286.68,283.33,284.23,286.25,286.61,283.96,284.11,282.93,282.16,282.38,283.3,286.03,284.58,283.15,283.38,281.83,282.35,283.66,284.03,285.06,283.41,283.25,285.75,287.36,285.23,285.36,283.5,283.53,281.41,282.28,284.58,287.0,287.03,285.28,283.75,283.36,281.55,282.75,285.33,284.0,284.73,284.73,281.58,285.08,282.63,281.66,281.13,280.53,282.75,283.23,285.65,284.21,281.53,282.18,278.96,282.58,281.81,280.61,283.61,280.25,283.43,283.55,281.03,279.36,282.16,280.33,279.36,277.3,278.0,284.13,281.71,278.66,277.55,278.96,282.36,279.8,278.48
279.0,279.41,281.43,277.68,280.0,283.1,281.75,279.48,282.0,281.16,280.05,277.8,279.33,279.18,278.71,277.73,280.65,280.88,282.61,282.71,283.13,280.46,283.93,279.66,280.43,279.53,278.33,280.18,279.98,280.03,282.36,279.66,279.0,280.16,283.11,283.53,280.48,281.16,281.83,282.96,282.43,282.23,282.25,282.23,280.36,281.41,282.88,283.3,283.43,283.75,281.86,282.16,279.58,279.0,282.75,282.8,282.31,280.48,279.68,278.73,275.93,277.0,280.28,280.13,277.05,276.93,277.41,277.91,277.18,277.58,282.06,282.36,283.61,283.53,284.25,284.88,283.71,280.38,281.66,282.93,283.18,283.38,278.53,277.33,281.3,281.68,279.55,279.46,278.5,281.5,279.33,279.5,278.66,279.11,283.66,283.08,282.53,282.03,280.18,282.25,283.91,283.18,281.86,279.36,278.41,281.05,280.93,279.88,281.9,280.03,280.33,281.28,283.05,282.48,280.75,279.36,278.58,281.68,282.08,281.68,282.98,280.3,282.5,281.46,279.21,280.31,281.91,281.25,279.5,281.86,281.0,281.43,282.05,284.83,283.63,282.75,280.46,280.73,283.48,283.43,283.33,280.71,280.8,281.88,284.48,284.05,282.18,281.33,280.61,280.98,282.83,282.9,282.61,284.41,285.63,284.53,283.73,281.96,281.86,281.75,283.18,283.41,281.93,282.33,282.25,283.63,287.4,287.25,285.71,286.68,287.23,285.46,285.68,284.15,284.68,286.16,286.11,287.13,289.03,288.36,288.23,286.33,287.5,288.18,288.38,288.91,289.53,289.96,288.68,287.91,286.71,286.31,287.3,286.38,287.15,289.43,290.38,290.23,287.78,288.68,289.83,290.28,289.93,290.61,290.11,289.21,290.58,291.08,291.73,291.91,292.53,293.11,293.23,291.43,289.8,291.48,291.08,289.96,291.5,293.03,293.13,290.66,290.98,292.36,292.78,291.83,290.83,291.13,292.11,291.25,291.68,290.98,291.13,291.58,290.91,290.66,291.91,293.8,291.46,290.05,289.96,291.81,293.06,293.61,293.03,291.03,291.46,292.93,293.36,294.36,292.71,292.55,291.05,290.73,290.56,291.93,291.0,288.63,289.48,289.23,288.58,286.86,286.03,286.55,290.38,288.46,286.48,285.78,285.96,286.48,289.13,288.58,288.3,285.36,285.36,285.93,290.05,287.48,285.43,284.63,287.23,288.18,286.86,287.33,285.93,285.3,284.4,282.81,287.9,286.68,288.91,289.5,287.31,283.91,286.0,287.98,288.58,286.28,283.83,285.0,284.86,283.13,281.75,282.48,283.86,284.63,282.53,282.43,283.8,285.23,284.3,284.63,286.61,282.98,282.93,283.38,285.48,285.28,285.43,285.88,284.86,282.25,281.03,281.03,281.75,283.11,284.55,285.98,285.53,282.71,286.28,284.13,281.63,284.36,285.68,286.81,284.61,281.68,283.73,286.36,287.13,284.98,285.88,284.78,286.46,283.96,284.3,282.6,283.25,282.33,284.28,280.46,281.66,282.18,279.18,280.5,282.38,280.0,279.56,281.86,278.08,277.81,281.58,278.43,277.93
279.96,283.0,278.85,278.08,279.3,282.78,280.4,280.96,280.21,281.75,279.96,278.28,281.21,284.03,283.13,280.65,279.41,278.98,277.83,276.96,280.48,282.03,282.18,281.43,280.71,279.11,278.05,278.5,278.53,276.75,275.91,276.98,278.05,277.08,276.13,276.71,276.55,281.25,280.53,278.68,279.96,282.15,282.28,280.83,280.8,280.78,280.53,277.68,278.13,277.33,277.23,278.33,280.83,281.46,281.61,280.5,281.05,281.28,281.08,281.55,281.78,281.83,281.4,280.88,281.11,281.86,281.16,280.36,280.0,278.18,277.98,279.83,282.73,281.91,279.41,277.73,278.11,279.03,278.83,281.03,283.46,280.75,278.48,278.86,278.13,281.63,280.78,278.93,278.68,281.05,278.16,278.93,282.25,281.48,281.0,279.08,278.11,277.41,278.13,279.73,281.58,282.41,281.98,283.3,281.78,281.3,282.73,280.91,281.16,279.33,281.36,283.23,281.5,281.78,283.28,280.81,280.4,281.13,281.86,279.78,280.93,280.03,281.08,280.43,279.81,281.05,282.15,283.41,280.96,281.23,280.38,279.55,280.86,281.53,282.28,282.46,282.38,281.06,283.5,282.38,281.61,280.16,281.08,283.83,284.43,281.36,282.11,283.41,284.28,282.71,282.28,283.55,282.15,281.33,284.98,283.0,281.68,281.6,281.03,281.61,285.58,285.48,285.46,285.11,284.96,284.63,285.03,284.58,283.11,283.08,283.18,284.73,283.96,284.13,284.58,284.78,284.05,283.46,283.75,285.55,284.4,283.73,283.81,283.86,285.3,287.28,286.88,286.38,287.43,287.15,286.03,285.91,285.43,286.23,284.73,285.33,285.38,285.06,285.08,284.23,284.73,287.55,289.81,289.81,289.18,289.13,289.28,289.3,289.48,289.46,289.8,290.75,290.56,290.85,290.43,290.86,291.23,291.5,291.53,291.25,291.83,292.13,292.08,291.61,292.25,292.16,292.56,292.11,291.9,292.13,291.93,291.98,292.25,292.05,291.83,292.88,293.33,293.96,294.03,293.91,294.3,294.23,292.28,291.13,290.93,290.63,291.75,290.13,291.0,291.78,291.21,293.91,291.83,288.28,287.05,287.48,290.43,287.83,287.9,287.46,287.18,289.73,286.98,288.63,287.55,288.93,289.36,287.21,288.05,288.8,285.38,287.38,287.46,283.43,286.23,286.23,287.96,289.86,286.21,288.46,287.93,285.63,286.16,287.88,283.68,285.11,284.71,284.36,282.96,284.68,282.48,282.8,287.38,284.23,286.28,287.03,286.41,283.46,283.18,284.46,287.53,286.0,282.88,283.93,285.08,281.8,282.13,284.81,285.8,285.35,284.58,283.88,282.16,283.38,283.96,282.21,284.23,283.28,281.41,280.43,282.58,282.36,284.23,281.0,280.61,281.63,280.18,282.63,283.5,281.08,279.68,280.48,281.41,283.66,284.71,284.25,283.86,283.98,284.43,283.93,282.88,283.03,282.16,281.73,282.15,282.41,282.98,285.38,282.35,282.38,284.05,281.88,281.13,281.18,282.11,280.15,282.28,279.98,279.61,282.33,281.58,280.61,280.11,279.18,279.93
281.68,280.75,281.8,282.11,281.93,281.71,282.13,282.73,281.91,279.0,278.83,281.11,281.96,281.71,282.05,281.75,281.58,282.71,281.03,282.8,281.13,283.88,284.15,281.73,283.0,282.55,283.18,282.31,281.25,279.71,278.71,281.43,279.88,280.55,281.61,280.91,278.13,278.13,282.11,279.06,276.83,281.0,281.0,279.56,282.33,282.58,282.41,281.88,282.18,281.61,281.5,282.91,283.46,284.03,281.53,281.33,282.63,279.53,278.43,282.58,281.21,280.28,280.43,280.9,280.23,280.46,281.63,280.03,282.58,282.25,279.15,280.93,282.78,279.63,280.46,281.23,283.21,281.98,283.71,281.65,279.96,280.25,282.83,283.53,279.05,279.58,281.21,278.68,280.25,282.18,281.13,281.33,279.36,278.03,278.78,280.25,282.0,281.71,279.93,279.75,279.73,278.25,282.33,281.5,280.68,281.43,280.55,282.06,280.33,281.43,279.03,279.41,279.18,278.13,279.58,280.03,279.75,279.0,280.63,282.13,282.63,282.4,282.83,283.03,282.55,282.46,282.38,283.68,283.68,281.86,280.78,283.33,283.18,283.23,284.03,282.3,282.33,281.5,281.63,282.78,282.36,282.23,281.66,282.23,283.13,284.36,284.75,284.11,281.98,282.9,283.91,284.0,283.48,282.96,283.08,283.43,283.25,283.46,283.18,283.8,284.46,284.96,285.25,285.88,286.28,287.25,286.08,285.21,286.0,285.03,285.31,285.66,288.16,288.13,286.23,286.46,286.16,287.0,288.25,287.83,286.05,286.46,287.58,287.71,285.21,285.48,286.58,287.11,287.18,286.05,286.28,285.75,285.33,285.91,286.16,287.48,288.03,288.3,288.41,288.3,288.81,288.48,286.78,287.4,288.16,289.58,289.31,289.25,289.66,290.43,289.41,288.68,288.78,288.46,288.88,290.28,290.25,289.38,290.0,288.88,289.16,289.93,289.65,289.08,289.38,289.91,291.38,292.0,292.86,293.08,292.61,290.95,288.98,289.5,289.8,289.33,289.53,290.36,290.31,290.25,290.75,291.43,290.13,292.38,292.48,290.71,292.25,291.65,289.83,290.68,290.75,288.48,291.36,291.85,293.1,291.46,289.78,289.98,286.11,287.08,288.71,288.48,288.05,287.75,289.03,291.58,288.8,284.93,284.38,286.65,286.63,286.15,285.36,286.58,286.58,288.43,288.23,284.71,284.41,284.48,286.11,288.13,287.61,288.61,288.93,286.71,284.91,285.83,285.28,286.11,287.75,287.4,285.91,287.58,287.46,285.91,287.23,284.13,283.46,283.41,283.91,283.86,283.38,283.43,283.86,285.33,285.58,286.75,286.08,283.33,283.11,282.98,283.73,285.3,284.93,284.75,283.38,285.86,282.25,284.08,285.53,282.55,284.11,284.98,281.96,281.53,281.78,283.31,281.78,280.73,283.23,282.3,279.8,283.66,285.38,286.03,284.83,282.55,281.25,282.36,283.11,285.93,286.25,283.23,280.91,280.93,279.78,280.13,281.9,281.71,280.48,279.58,281.71,284.0,284.08,282.68,282.08,281.48,280.73,280.53,279.41,280.28,280.13,280.23,279.8
279.47,281.2,281.3,283.35,284.1,282.32,281.45,279.52,278.6,281.3,279.64,279.6,278.6,278.62,277.67,277.6,279.32,282.3,280.07,282.1,280.87,279.95,280.8,283.0,281.62,280.97,281.75,277.9,276.82,278.74,279.67,282.49,279.45,278.67,278.3,279.05,282.89,279.87,282.37,279.89,278.32,281.4,281.0,280.32,281.22,279.67,279.2,278.17,280.27,281.02,281.67,279.82,278.0,281.47,281.97,283.05,282.89,281.8,280.77,282.6,281.35,282.35,282.67,281.32,281.02,279.37,279.25,279.67,281.07,282.25,280.82,279.12,278.62,279.1,280.17,279.24,278.95,282.07,280.15,280.47,281.75,279.72,281.6,283.17,281.42,281.85,279.95,280.55,282.37,278.1,277.87,279.35,282.15,281.2,280.2,279.49,279.99,279.12,278.95,280.27,283.32,281.57,280.65,280.42,280.67,280.87,280.4,280.77,280.65,280.85,280.3,280.35,279.05,278.72,281.02,282.82,281.05,280.55,280.77,281.8,281.6,283.55,281.32,282.75,280.52,280.22,283.17,281.74,280.05,282.12,282.97,280.74,283.24,284.5,283.64,283.17,283.8,284.32,282.47,283.07,282.3,283.62,284.05,283.02,281.27,280.89,281.62,281.52,282.3,284.57,283.89,283.35,283.35,283.12,282.6,281.77,283.62,282.64,282.7,281.99,284.39,282.25,282.22,282.27,282.62,282.15,283.35,283.64,283.1,283.6,283.17,283.1,282.92,283.6,284.2,286.39,286.27,285.85,285.85,286.45,286.4,285.2,286.77,288.02,286.02,285.72,288.77,288.27,288.35,288.55,286.82,286.42,286.85,287.27,286.77,289.32,288.12,287.67,286.15,287.32,288.8,288.95,289.22,289.0,289.42,289.17,289.42,289.77,290.1,289.92,290.57,290.7,291.35,292.57,292.57,291.62,287.67,287.95,289.27,288.1,290.97,292.37,292.62,291.87,288.87,288.77,289.2,289.45,289.2,290.57,291.8,291.87,291.95,292.1,291.77,292.17,292.24,292.57,292.77,293.2,291.72,290.35,290.47,291.05,291.62,293.57,293.37,291.42,291.22,288.49,288.32,289.07,289.55,291.47,291.42,290.85,290.2,289.9,291.12,289.1,287.57,288.8,288.8,289.8,286.47,287.4,287.17,286.9,285.3,286.42,286.49,288.55,289.89,288.14,284.97,285.52,284.5,287.47,287.67,287.05,287.8,287.2,284.8,285.07,284.3,284.65,284.7,285.97,285.65,286.65,285.05,283.85,283.7,284.17,284.32,283.64,283.07,285.17,285.47,285.97,285.67,284.02,282.39,282.42,285.17,285.4,282.97,283.77,283.95,282.35,281.72,283.3,282.1,282.9,282.7,282.72,283.77,284.05,283.1,281.02,281.8,283.6,281.35,283.12,282.62,280.6,280.6,281.6,284.97,281.52,281.14,282.02,283.27,279.7,281.2,284.15,285.04,284.82,281.65,280.82,281.55,279.67,277.74,278.32,280.2,283.62,285.3,284.2,280.92,282.2,283.92,279.67,280.62,283.85,280.07,283.8,281.45,280.77,280.25,280.8,279.75,279.6,279.02,280.74,281.37
281.87,282.3,282.67,282.97,280.25,281.07,279.3,281.67,279.62,279.39,280.17,280.32,280.52,280.4,280.64,278.45,278.22,282.05,280.85,277.77,277.22,278.3,278.95,279.64,279.75,280.49,279.87,280.32,278.45,279.74,277.27,277.55,279.55,278.52,277.35,279.17,278.17,278.85,279.1,278.87,280.64,279.97,279.22,278.67,278.95,278.97,281.55,278.47,278.32,281.0,278.3,279.57,282.3,279.72,279.77,279.77,279.5,277.97,277.7,280.24,279.62,280.35,279.87,277.72,278.87,278.77,277.57,278.62,279.42,280.35,281.12,279.15,278.5,279.05,278.42,281.15,280.69,279.27,279.49,278.6,279.6,282.02,281.12,278.99,280.2,284.0,280.07,279.35,281.95,281.02,281.6,281.07,280.82,281.8,278.97,279.47,281.17,281.24,283.0,279.47,281.27,283.62,281.87,280.27,281.95,278.65,278.05,279.24,279.25,280.77,282.72,281.97,282.1,279.82,279.95,279.9,282.47,282.2,281.9,283.6,284.45,282.74,279.97,282.42,281.57,281.92,281.35,281.8,280.07,283.55,284.52,284.6,281.65,283.64,282.64,284.57,284.6,282.97,284.52,284.0,284.35,284.8,286.25,287.42,284.94,282.97,283.72,283.5,282.52,281.87,283.42,283.89,285.05,285.42,282.89,282.99,282.35,283.25,283.0,283.1,283.6,282.9,282.92,282.62,282.6,282.05,282.7,282.67,282.45,284.49,285.92,286.0,285.37,287.25,287.72,285.35,285.3,282.92,284.22,285.87,284.49,282.72,282.95,283.05,283.35,284.8,286.87,287.52,289.0,289.2,289.15,289.17,290.02,290.1,289.97,289.85,289.15,287.97,289.0,288.9,286.27,287.82,288.39,289.35,288.49,286.37,286.45,286.7,286.92,289.37,290.47,290.85,291.1,291.37,291.24,291.22,291.3,291.49,291.22,291.02,291.87,291.35,289.47,289.85,291.52,292.25,291.77,291.87,291.67,290.05,290.1,291.22,292.39,293.05,293.87,293.57,293.7,293.02,293.99,291.7,291.75,290.12,291.8,289.45,288.92,292.22,293.45,291.07,290.85,292.52,293.24,291.5,287.39,286.77,287.7,288.5,288.95,291.02,291.92,289.45,291.0,286.6,287.6,289.95,288.82,288.8,290.37,289.35,286.82,289.75,289.57,285.97,290.77,292.3,292.22,291.35,287.27,285.47,287.05,289.7,290.35,287.27,287.1,288.92,288.47,290.62,290.5,286.27,287.42,288.7,287.7,285.8,287.42,287.4,285.92,287.75,284.95,283.05,286.12,286.97,285.52,283.35,285.32,284.77,284.64,282.35,281.92,285.05,285.52,285.92,284.27,282.95,284.87,282.55,282.6,283.0,285.57,284.5,285.77,283.77,284.64,285.7,285.97,283.39,283.45,283.37,284.87,280.32,279.7,285.27,283.62,280.97,282.89,283.5,280.25,280.6,284.92,282.89,284.97,279.95,283.14,280.35,281.37,281.97,279.5,280.0,282.27,279.85,281.52,282.87,280.1,281.27,283.05,282.87,282.57,282.7,281.74,281.35,282.15,284.45,281.35,279.82,279.02,282.3,281.45
280.52,281.72,281.39,282.5,282.3,281.45,280.35,280.82,280.57,283.35,280.29,282.82,280.72,281.5,279.72,279.69,281.65,279.8,278.72,278.52,280.72,283.27,281.45,280.77,282.2,279.75,278.52,277.95,280.87,283.12,282.7,280.52,280.65,283.05,283.72,281.95,279.49,278.32,280.17,280.82,279.97,279.75,280.37,281.14,278.77,277.85,277.85,277.2,277.24,280.95,282.39,279.45,280.2,278.74,280.27,281.1,278.67,278.52,277.47,278.87,281.3,279.14,281.45,280.45,281.02,283.22,281.49,282.24,279.55,279.17,280.3,283.24,278.97,279.55,280.3,282.25,279.92,277.85,281.35,284.14,280.25,283.02,281.55,278.22,279.12,280.97,281.92,283.47,284.87,280.27,278.82,280.55,281.55,282.22,282.4,280.25,283.24,280.72,283.57,283.27,279.97,280.65,279.07,278.8,282.27,281.85,279.85,279.55,278.25,278.47,279.3,279.52,279.82,280.02,281.3,283.65,280.62,279.75,280.32,281.72,282.77,282.65,282.19,280.5,280.12,282.15,283.22,282.42,281.64,280.45,279.92,282.17,283.85,283.22,283.2,284.62,284.05,284.5,282.6,280.72,280.25,280.5,280.6,283.55,281.97,282.42,284.6,282.72,282.02,281.77,283.4,282.87,282.55,282.27,283.2,284.6,284.22,282.57,285.07,286.6,283.99,283.62,284.17,282.35,284.99,283.65,284.82,286.24,284.12,287.4,285.2,283.85,283.9,285.3,284.42,286.12,286.05,285.74,284.9,284.32,285.25,286.39,288.0,288.52,287.97,287.22,287.89,287.55,287.49,286.45,284.3,286.42,284.8,284.92,285.74,288.37,289.62,288.97,289.05,289.87,290.05,289.7,290.12,290.37,289.27,289.77,290.12,290.12,290.39,291.32,291.4,291.17,291.05,291.1,289.25,287.64,290.1,289.92,288.7,289.77,290.45,291.87,293.3,292.99,292.9,292.17,290.8,292.14,292.44,290.7,291.2,291.57,291.0,290.39,291.3,292.12,290.8,288.25,288.17,291.95,293.45,293.47,292.05,288.05,288.2,291.75,290.1,291.74,287.07,286.82,289.72,288.87,286.92,286.72,290.27,289.22,289.14,290.97,289.74,289.15,287.9,288.22,288.07,286.85,286.72,286.72,285.92,286.2,285.3,286.05,288.07,289.65,288.12,286.32,286.37,287.39,288.35,287.97,284.82,284.95,284.57,286.22,289.57,286.92,285.17,284.72,286.57,285.87,287.22,284.65,285.99,288.57,286.87,284.42,283.6,286.47,281.92,285.3,283.8,286.82,284.3,283.72,285.24,284.64,281.92,282.64,284.92,285.97,282.87,285.42,284.82,282.62,282.67,283.05,287.05,283.87,282.07,280.57,282.52,285.02,283.99,285.87,283.6,284.52,281.92,283.52,280.5,280.64,285.07,285.82,285.45,285.65,286.5,285.25,282.47,281.6,281.15,284.49,284.22,284.57,281.77,284.82,285.85,281.85,280.3,283.67,285.6,283.52,280.6,280.47,283.64,281.14,278.2,278.49,277.82,278.07,280.62,279.87,278.87,278.32,278.17,283.32,283.65,283.72,283.52
284.35,283.7,284.37,283.3,282.05,282.24,280.87,278.02,278.12,278.37,278.37,278.65,279.85,282.37,283.6,283.57,283.64,282.67,281.22,284.3,280.37,284.52,282.14,281.17,282.82,283.12,281.0,278.39,277.65,277.85,279.7,281.49,279.87,281.52,279.14,280.87,279.15,278.7,279.85,279.45,281.85,281.89,280.02,282.27,282.42,279.42,281.02,283.25,281.07,280.45,280.45,278.82,282.45,281.8,280.67,279.82,281.62,279.62,281.92,280.55,279.05,279.75,281.57,277.67,280.7,281.12,279.1,279.6,280.45,279.32,278.62,279.37,279.55,279.6,279.99,279.15,282.62,281.14,280.07,280.15,284.1,282.95,283.25,279.45,279.0,282.39,281.45,279.07,278.14,277.75,281.2,282.27,283.35,282.75,281.02,279.8,279.3,280.42,280.67,282.72,281.35,280.19,279.67,280.89,284.3,280.67,281.85,282.3,281.64,280.5,280.15,280.65,279.4,279.05,278.57,281.75,283.02,280.62,279.1,281.49,280.07,279.57,282.17,282.39,281.0,281.87,281.2,281.1,281.42,280.92,280.89,283.42,281.42,280.39,280.82,280.64,280.6,279.64,279.89,280.52,280.65,280.3,281.85,283.62,282.0,281.42,281.49,283.82,282.17,282.3,283.6,282.9,283.9,282.4,283.95,285.02,285.6,282.07,282.2,284.17,283.2,282.65,281.52,281.39,281.32,281.6,284.8,284.97,282.92,281.87,284.3,284.97,282.45,282.55,282.92,284.22,285.72,285.0,285.27,285.92,286.89,285.32,285.27,288.52,287.3,284.7,285.45,285.02,284.65,284.57,287.2,289.1,288.75,288.67,289.1,288.87,289.22,289.32,288.92,289.5,288.52,289.05,290.1,291.7,291.77,291.82,291.85,291.35,289.82,289.32,290.85,291.1,292.74,292.0,289.99,290.64,292.7,292.39,291.22,292.27,291.3,292.22,291.42,291.17,291.8,292.49,292.85,293.57,293.74,294.35,295.1,293.02,293.05,293.3,291.6,293.07,294.97,293.32,292.87,293.35,290.52,293.47,294.2,293.8,293.35,291.35,290.82,288.72,289.99,292.95,293.77,294.7,294.42,293.52,291.52,289.85,290.32,289.25,288.27,287.85,288.52,288.57,288.49,287.39,286.1,285.85,287.22,291.17,288.32,287.77,288.4,287.3,285.75,286.15,287.17,287.72,286.8,287.7,286.3,285.72,288.05,288.7,285.77,285.07,287.24,287.85,286.37,284.82,284.67,286.32,284.89,285.2,287.25,283.95,283.22,286.07,285.64,286.3,284.49,283.6,286.62,284.42,286.07,285.8,283.05,283.97,284.65,283.45,283.3,282.87,285.27,284.7,283.77,285.07,283.82,285.65,283.05,283.85,281.67,282.85,283.17,281.52,284.57,282.7,280.67,282.2,282.0,280.22,279.24,280.8,280.37,282.37,281.92,281.7,281.87,280.92,280.67,279.27,281.55,279.57,282.82,282.72,279.32,280.8,279.57,284.2,281.89,281.07,279.8,280.5,280.27,280.14,278.6,280.5,280.64,280.22,279.82,277.42,277.4,280.27,281.02,279.95,278.74,278.3,278.05
277.77,277.6,278.82,280.97,278.95,278.1,278.52,277.47,278.17,282.47,278.35,280.42,279.57,278.75,281.2,277.87,276.9,277.42,278.07,279.82,276.9,280.25,281.02,279.99,280.12,277.87,278.14,277.77,278.39,278.74,276.39,277.45,277.14,278.87,281.72,281.87,280.45,279.7,282.47,282.49,280.82,278.22,280.02,282.14,278.87,283.24,280.32,278.02,280.67,278.72,282.1,279.8,278.39,279.07,280.77,279.22,279.55,278.1,278.17,278.97,281.02,283.07,279.7,276.12,278.45,281.35,280.7,282.7,282.1,279.42,280.25,279.02,278.67,283.07,278.67,277.4,279.75,278.67,278.47,278.8,278.12,279.14,279.45,278.97,278.77,277.27,276.35,275.92,280.3,282.77,282.97,283.32,281.0,279.24,278.64,281.7,280.92,281.05,279.52,279.05,278.67,280.12,280.3,280.77,282.35,283.47,283.1,283.32,279.9,281.52,281.64,281.55,279.72,281.77,281.05,281.85,284.14,280.02,279.65,279.82,281.62,280.05,279.9,280.65,278.3,279.47,282.99,282.35,281.65,280.87,283.95,281.3,279.1,279.87,282.0,281.77,281.39,280.62,280.45,279.17,280.1,282.39,282.32,280.85,280.42,281.12,283.12,281.72,281.3,283.0,284.45,283.74,281.67,283.1,284.14,284.07,285.5,286.75,287.05,284.92,284.12,283.0,283.32,284.12,283.75,285.27,285.85,284.4,284.97,284.7,284.87,286.62,286.45,285.45,287.55,289.07,288.57,288.82,289.35,288.3,284.97,284.85,287.45,288.67,289.95,289.82,289.0,289.05,288.65,287.99,288.65,289.52,290.12,291.85,291.7,291.95,291.25,290.27,289.8,290.52,289.67,288.62,288.1,288.22,289.27,289.52,292.12,292.45,292.47,290.95,291.1,292.05,292.9,293.15,292.75,292.45,292.3,291.07,290.12,290.55,291.9,291.27,293.5,294.64,294.6,294.1,293.67,293.17,292.22,292.72,293.22,293.67,294.02,294.32,294.9,293.1,292.45,292.07,290.8,292.57,293.0,294.64,294.47,295.3,292.32,293.67,294.9,294.27,289.4,289.12,288.89,289.35,289.89,291.62,290.35,287.24,291.62,288.05,288.49,290.02,292.07,293.35,291.24,287.37,288.27,292.22,287.65,290.14,291.17,290.77,286.22,285.85,291.74,292.55,290.1,285.77,285.15,287.07,285.42,290.15,288.3,287.62,289.92,287.07,282.99,284.72,284.9,287.45,290.17,287.62,284.75,286.25,288.72,287.95,284.49,284.07,283.12,283.62,285.67,288.6,290.0,290.55,288.27,285.17,284.27,282.47,281.6,283.87,287.92,284.97,285.47,286.35,282.5,282.52,287.8,281.5,281.05,282.44,285.12,283.37,282.55,281.49,281.64,281.65,281.07,283.14,284.3,282.3,280.85,280.8,281.49,283.5,282.62,283.95,284.2,285.47,284.1,285.82,285.17,282.87,282.72,284.5,284.35,286.32,284.7,284.37,281.95,286.17,279.55,284.12,283.65,282.64,284.22,281.14,279.5,278.97,281.39,279.7,278.57,278.4,278.22,280.02,280.49,278.77,277.77
278.12,278.8,278.93,282.85,280.3,278.93,282.32,277.87,277.72,278.9,282.1,281.45,283.75,280.88,283.23,281.2,281.52,285.12,282.77,283.53,284.85,281.82,278.13,278.5,280.88,283.8,284.63,280.4,280.95,284.13,283.3,281.78,280.15,278.35,278.18,277.18,277.07,278.35,278.05,282.52,283.28,281.37,283.75,280.35,277.72,280.13,279.18,282.22,281.9,279.35,280.07,282.4,280.38,278.72,281.4,281.52,279.77,279.8,278.65,277.4,278.13,281.55,282.65,280.43,277.47,276.93,281.95,282.75,278.72,280.7,282.43,280.93,282.5,278.7,279.7,283.15,280.32,282.93,281.93,281.63,279.2,278.93,282.28,283.1,283.18,279.3,279.27,278.2,277.82,278.0,278.8,279.97,283.25,283.5,282.18,280.03,280.2,280.1,281.1,280.95,280.95,280.57,279.45,280.18,281.3,280.68,281.4,280.32,280.47,282.18,281.47,281.03,279.32,279.45,280.07,281.1,280.8,280.97,281.28,280.75,282.18,283.52,283.5,284.03,282.57,282.93,283.68,283.85,284.22,283.22,284.13,285.05,283.53,281.43,281.37,284.7,287.4,286.35,284.15,283.83,283.18,285.43,284.1,283.75,282.43,284.7,282.7,282.5,284.27,284.7,283.52,283.45,281.9,281.87,282.2,284.77,284.82,283.1,283.43,284.55,285.63,284.22,285.43,287.25,286.72,284.85,284.82,285.02,284.93,284.7,284.6,286.47,285.95,283.32,283.37,285.63,286.32,285.55,284.02,283.32,283.37,283.25,283.47,283.7,284.35,284.4,283.93,283.97,284.85,288.32,288.05,288.88,290.07,290.0,290.15,290.25,290.65,290.38,288.32,287.82,287.88,288.88,288.55,287.85,288.57,288.93,288.82,289.17,286.9,285.52,285.53,286.0,286.53,287.77,287.1,287.93,288.03,287.3,289.62,289.68,292.27,291.7,291.6,290.25,291.85,291.97,291.32,290.5,290.32,291.3,292.57,290.2,289.0,289.85,291.03,290.15,288.97,287.72,288.57,290.43,288.82,288.47,289.2,290.68,292.75,290.75,288.78,290.03,291.25,291.03,289.95,288.95,289.85,291.45,287.33,289.4,291.4,292.43,291.97,291.75,285.77,286.37,286.0,284.95,285.47,287.2,288.6,289.0,286.7,287.1,287.7,289.0,287.8,286.38,286.55,286.4,286.57,285.88,288.03,287.1,289.52,288.25,286.87,287.18,286.97,284.7,283.68,284.15,286.78,285.2,284.1,285.35,284.95,285.45,282.65,284.47,286.22,282.78,282.85,282.52,281.7,283.15,286.22,285.97,284.95,282.47,283.88,282.7,283.85,283.37,282.95,281.82,281.7,281.57,284.52,282.18,281.25,280.68,285.15,284.87,283.43,281.22,280.2,281.9,280.18,280.05,281.9,279.85,279.85,279.53,279.3,279.4,282.13,283.1,280.88,280.13,280.95,281.82,279.8,280.3,283.5,280.9,281.37,280.87,279.47,281.07,279.72,279.9,279.25,280.4,279.3,281.25,280.47,281.88,279.6,277.88,279.37,277.6,278.25,279.63,281.5,281.65,278.65,280.32,278.75
278.4,279.32,278.32,276.78,276.4,279.55,280.85,278.85,278.8,278.03,276.47,277.1,280.93,278.45,278.47,277.45,280.1,279.25,279.28,278.07,279.3,280.2,278.47,278.0,278.15,281.0,281.12,279.12,278.3,278.03,281.3,281.43,280.6,278.27,277.63,276.52,277.0,277.0,280.5,281.18,280.9,279.95,278.15,277.8,280.6,278.55,280.7,280.22,281.6,280.4,279.27,278.3,282.22,282.97,281.35,281.65,280.13,281.88,279.62,282.85,280.43,279.33,279.1,279.93,279.92,280.07,279.3,279.5,279.87,280.72,280.05,279.55,279.22,278.48,279.4,278.2,278.62,281.85,279.4,278.82,281.3,280.4,279.1,278.35,278.25,278.22,277.7,277.65,279.03,280.83,281.17,281.32,281.47,282.57,282.03,278.85,280.18,282.43,280.0,281.67,283.55,282.12,281.27,282.2,283.5,284.2,280.72,280.55,283.75,282.4,281.93,282.75,284.4,281.05,280.52,282.1,281.47,280.38,283.0,283.27,282.6,282.5,282.18,280.62,281.0,283.65,283.98,281.07,284.37,284.95,285.12,283.2,281.22,283.93,285.68,283.85,281.32,284.9,282.32,281.55,283.4,281.73,283.57,284.68,281.3,280.85,284.55,281.12,280.55,281.95,282.53,281.78,281.05,282.28,282.3,283.6,283.7,283.05,283.18,283.4,284.22,282.6,287.0,284.18,283.65,283.68,286.35,285.55,284.18,283.8,284.22,285.57,285.28,283.93,283.9,283.93,284.65,286.3,286.6,287.13,286.83,287.97,288.0,287.93,285.8,287.3,289.25,288.55,288.45,288.85,289.32,289.05,289.5,288.25,288.65,290.4,290.72,290.6,288.15,286.93,287.37,288.52,290.8,291.38,290.52,290.07,287.35,286.7,288.82,290.45,290.85,291.22,291.45,291.88,291.8,291.15,290.8,290.13,289.23,290.0,289.05,288.7,289.0,291.93,291.7,291.5,289.91,288.2,289.63,292.0,289.05,291.16,293.83,290.75,287.53,288.56,291.95,291.43,289.78,290.3,291.8,291.7,288.93,289.08,291.4,290.41,288.5,290.83,293.43,291.75,291.23,288.63,288.43,287.41,288.33,291.4,291.85,290.6,290.78,290.05,291.1,289.05,287.95,286.78,288.88,288.58,289.55,288.35,286.48,286.55,287.83,285.78,285.9,285.4,288.4,289.15,288.63,287.31,286.85,286.15,284.83,285.13,285.38,285.73,285.95,286.98,287.95,286.93,285.0,283.98,283.4,283.15,282.18,284.0,285.3,283.6,282.35,281.88,282.78,282.4,282.53,283.15,284.3,284.66,286.23,284.78,285.58,285.48,284.4,285.65,285.58,286.53,286.48,286.13,284.9,281.5,286.15,287.45,287.08,282.1,281.66,282.48,286.0,286.8,282.33,281.5,284.18,285.1,285.03,282.38,280.95,283.78,285.1,280.45,280.53,283.73,281.66,284.43,281.83,282.53,280.65,284.45,283.23,283.4,282.05,280.58,283.45,281.53,280.55,280.6,283.06,281.48,282.86,282.33,283.73,282.43,280.5,283.83,284.2,282.28,283.68,286.15,281.6,280.16,281.23
282.8,282.63,281.98,281.63,281.28,280.1,279.23,278.68,277.48,277.43,281.53,282.35,281.58,281.43,280.43,282.5,283.93,283.16,281.73,282.08,281.4,283.4,281.5,282.1,281.25,281.66,280.78,280.4,282.75,282.28,281.15,283.08,283.48,280.58,278.4,280.68,282.95,280.43,279.73,278.93,278.2,278.5,278.93,278.55,278.48,278.2,278.15,283.45,281.93,281.18,280.8,279.25,279.38,277.05,279.28,282.5,279.65,280.05,282.4,280.13,282.8,283.58,281.4,284.13,278.63,278.2,281.45,280.98,280.18,279.53,278.15,280.85,283.58,282.63,281.18,280.75,281.83,280.41,279.85,281.45,280.88,282.05,278.9,278.15,278.98,278.48,279.35,282.48,282.03,280.55,279.55,280.08,280.7,281.28,278.63,278.6,279.03,279.25,281.66,280.78,282.05,281.43,282.28,283.88,281.18,282.3,283.28,280.0,280.53,280.23,279.93,282.75,283.28,281.16,281.13,284.98,282.16,279.75,279.88,280.88,279.45,280.65,284.5,284.83,283.03,282.43,280.18,280.18,281.6,282.68,282.38,282.5,280.83,283.5,283.98,284.2,282.1,280.48,281.43,282.25,284.4,283.9,283.38,282.5,282.83,285.5,285.7,283.31,282.73,283.3,284.0,284.16,282.58,282.5,285.93,286.75,282.7,283.1,283.3,283.93,285.35,283.63,286.3,284.08,285.13,283.83,283.43,285.58,284.35,285.5,284.9,286.73,287.88,286.7,283.43,284.08,285.88,286.93,288.81,286.48,284.93,284.35,284.33,284.63,284.95,285.43,285.48,285.58,288.28,288.88,288.53,288.83,289.25,288.78,289.8,291.13,290.83,289.88,290.3,288.8,285.9,287.43,289.43,289.4,289.78,288.28,288.85,289.18,289.38,288.9,289.33,290.93,291.22,292.47,292.55,293.0,293.1,292.25,292.12,293.13,293.05,294.1,294.3,294.93,294.9,295.22,292.43,292.22,293.0,293.97,291.32,293.4,291.65,292.85,290.3,291.7,291.88,289.75,289.22,289.33,291.63,291.02,292.35,289.68,288.57,288.43,288.97,289.77,289.55,290.25,289.65,288.45,289.68,289.53,291.62,291.72,290.2,291.05,292.6,292.4,293.18,290.25,288.68,288.32,289.35,288.85,289.35,288.85,286.27,286.1,289.45,290.85,285.63,284.93,285.93,288.15,289.0,289.2,289.57,288.65,291.1,287.0,286.4,284.43,284.65,283.77,284.32,285.8,288.77,291.02,291.18,289.82,287.75,286.87,289.03,289.85,290.85,290.35,285.82,286.93,288.65,285.13,285.3,283.22,283.9,286.72,286.6,281.55,282.13,281.93,282.53,285.88,281.02,280.5,281.25,280.87,283.13,285.75,283.47,283.12,287.32,285.9,282.9,282.7,286.3,284.68,282.0,282.8,284.15,286.13,282.15,284.25,286.57,286.07,285.77,282.18,284.75,284.15,283.78,285.1,283.9,279.72,279.45,282.38,278.8,280.18,279.4,280.22,279.62,279.78,278.85,281.02,284.85,283.3,282.25,281.12,281.1,280.68,282.45,281.57,279.3,282.07,282.77,281.05,282.9
280.0,280.7,281.15,279.03,278.3,281.63,282.35,283.45,283.1,281.63,281.72,280.65,280.35,282.57,282.75,282.38,281.05,280.27,280.6,280.3,278.78,280.88,282.57,280.12,279.28,280.52,281.43,278.3,278.75,278.5,278.6,278.75,279.8,283.02,283.03,283.93,282.38,281.8,282.07,279.65,278.82,279.45,281.88,279.35,278.97,280.75,279.87,278.68,279.25,279.37,277.53,279.22,279.18,280.35,279.37,280.62,282.35,279.62,280.72,278.1,279.4,279.18,276.72,277.3,277.15,277.05,277.18,278.53,279.95,279.57,279.28,279.1,281.58,281.68,279.75,278.7,277.95,278.15,278.7,281.18,280.58,280.07,279.72,278.5,282.2,282.93,281.78,280.25,278.75,280.43,281.2,281.4,281.63,279.02,280.5,282.35,280.75,280.8,279.2,279.95,282.07,281.68,281.72,280.72,283.57,282.37,280.55,279.88,281.2,281.7,279.68,278.88,281.08,283.1,281.88,279.73,279.85,282.03,282.68,281.63,280.73,281.5,282.65,281.75,280.73,279.86,281.91,283.43,281.0,279.78,280.45,282.28,281.53,281.6,283.38,282.1,280.83,280.33,279.73,279.98,279.98,281.43,282.75,283.65,285.23,282.95,282.75,282.03,281.2,282.05,282.9,283.08,282.63,284.38,284.7,282.5,283.33,284.1,283.3,283.5,283.2,281.45,280.95,282.73,284.28,283.8,283.35,282.13,283.15,283.5,285.48,283.63,284.33,285.63,284.1,283.6,283.18,282.93,284.06,285.73,286.98,287.45,287.55,286.4,287.15,288.58,288.68,290.03,289.91,286.83,285.45,286.05,287.5,288.7,289.25,287.45,286.53,287.43,286.9,286.33,286.65,287.58,287.83,288.63,287.4,287.33,288.15,289.08,290.75,290.53,290.7,290.4,288.75,288.0,290.1,290.03,288.2,290.45,291.83,291.33,291.43,290.6,287.38,287.35,288.9,287.65,289.48,287.13,287.38,291.3,293.13,292.88,293.16,292.45,291.15,290.33,291.58,292.25,291.18,291.43,291.7,291.63,291.35,291.65,291.16,291.9,292.28,292.83,293.78,294.05,291.98,288.45,291.83,291.4,289.13,290.63,293.08,291.98,290.95,292.18,289.78,290.93,291.16,292.3,292.95,292.33,288.63,289.85,291.06,287.83,290.15,288.23,290.6,292.6,292.95,288.03,289.48,286.18,289.83,288.73,287.23,286.08,289.0,285.58,285.1,285.5,288.78,283.35,282.7,284.95,287.53,286.98,283.68,283.68,288.0,288.0,284.16,287.43,288.78,285.13,283.43,283.0,283.83,283.48,285.73,288.93,289.15,287.98,284.88,286.33,287.38,281.98,281.28,282.28,285.73,283.95,282.15,282.75,285.13,282.18,281.25,279.63,280.58,280.25,279.38,278.93,278.93,278.43,278.88,281.78,283.78,284.2,283.48,283.33,284.18,284.38,283.38,280.78,284.88,286.55,283.9,280.65,279.83,279.58,283.1,283.95,283.18,280.68,280.43,279.68,278.88,278.7,279.0,281.03,281.68,280.03,281.88,281.55,279.2,277.65,277.41,281.4,281.6,279.55,279.78
280.57,278.93,278.75,278.33,282.1,281.73,280.35,281.3,283.15,279.43,278.28,280.3,281.28,280.33,277.35,277.58,281.48,279.6,281.9,280.41,280.48,277.95,279.0,283.48,282.66,281.28,280.78,281.25,279.33,279.98,279.28,276.08,276.1,279.38,277.2,279.45,276.48,275.93,275.08,278.68,274.2,275.6,280.08,282.88,278.0,277.18,279.91,279.25,282.05,282.65,282.85,281.4,279.4,278.38,276.7,278.33,278.6,280.63,279.73,280.35,280.65,278.5,281.55,283.35,282.7,276.2,276.58,279.85,281.58,276.95,277.93,282.5,282.68,283.03,282.75,279.28,277.53,281.03,283.45,283.6,282.8,282.7,280.68,278.93,282.5,280.85,278.56,280.73,283.83,281.13,281.3,284.18,283.03,281.98,283.5,283.48,284.13,281.98,282.95,283.8,285.7,283.73,281.03,284.95,285.9,281.83,277.95,277.73,282.88,281.45,279.18,277.75,280.2,284.93,282.16,279.0,277.83,280.25,284.28,283.53,281.58,281.45,281.68,284.8,282.33,279.3,282.43,281.58,278.75,278.38,280.4,281.28,283.05,284.43,284.95,284.38,284.13,286.15,287.48,284.83,284.73,285.13,285.45,284.3,283.13,283.28,282.3,282.53,282.48,282.35,282.68,282.33,282.33,283.06,283.7,285.7,285.0,283.2,282.93,284.2,284.68,281.45,283.58,284.1,283.73,283.48,284.85,285.78,284.75,282.16,281.48,285.6,285.53,284.73,284.93,286.13,287.43,287.15,287.33,287.88,288.28,288.15,287.58,289.03,289.18,287.85,288.73,288.38,289.48,289.03,288.93,289.28,288.38,287.86,289.35,289.98,289.73,290.2,290.58,286.88,288.5,287.38,290.3,291.53,291.15,290.9,291.78,291.7,292.1,291.8,290.88,289.88,290.83,291.9,291.18,291.0,292.5,291.41,291.03,292.6,292.1,292.38,292.43,292.13,292.2,291.58,291.93,292.0,292.3,291.88,291.85,292.98,294.58,294.98,293.78,291.13,291.78,293.08,292.48,292.7,293.0,293.68,291.83,290.3,291.15,292.3,293.85,291.63,290.53,291.4,292.13,290.25,290.03,289.98,289.15,288.78,289.03,290.6,288.2,292.58,291.2,288.5,287.95,287.58,289.41,291.7,289.98,286.75,290.03,289.6,286.05,286.05,288.08,289.88,290.5,286.6,286.78,290.23,288.05,286.18,285.91,285.03,288.35,289.45,285.1,284.4,286.83,286.18,286.13,289.8,285.5,285.73,284.98,286.93,290.0,287.7,288.05,283.1,281.78,281.95,285.65,288.63,285.43,283.25,284.83,284.33,282.68,282.0,281.95,281.45,282.73,283.31,282.3,281.35,283.33,282.0,281.8,282.03,281.63,280.75,281.38,280.55,280.4,282.63,287.38,285.73,286.65,285.1,287.13,284.35,282.63,282.6,285.18,281.28,281.88,283.4,283.03,283.98,280.91,280.65,282.3,282.08,282.15,280.3,281.85,278.58,278.5,278.53,282.85,282.38,279.6,284.23,280.2,279.28,278.41,277.9,277.06,277.95,280.66,280.3,277.25,277.0,281.13,284.05,283.7
281.53,278.38,281.13,282.3,279.5,279.06,278.05,279.18,283.65,283.35,281.2,281.65,279.8,279.48,283.55,281.38,279.5,279.5,279.53,277.68,278.81,277.7,278.78,281.78,277.75,280.38,278.68,276.55,276.03,276.35,277.65,278.1,278.95,282.03,280.78,279.83,281.23,278.43,281.35,280.88,280.13,278.6,278.48,282.55,280.7,278.83,280.63,283.35,281.55,279.6,281.05,284.43,280.78,278.95,280.18,283.78,283.83,283.68,283.68,281.5,279.95,280.25,280.98,280.9,280.85,279.78,278.28,277.6,277.53,279.03,280.3,280.3,279.58,280.28,282.43,281.9,282.85,285.03,283.4,282.06,281.48,280.33,278.75,279.43,281.95,281.16,280.83,281.75,283.03,282.73,283.6,283.88,279.95,279.13,278.58,281.0,278.78,279.4,279.33,281.08,280.33,280.43,283.13,280.48,279.9,283.15,282.16,282.5,283.28,281.33,283.48,279.41,282.18,283.73,280.25,279.93,281.55,284.06,281.08,281.7,284.18,282.5,280.88,279.43,278.85,280.4,281.63,282.35,282.35,282.85,283.8,282.18,280.23,281.38,283.13,283.05,282.05,283.7,284.35,284.35,282.63,282.48,282.1,282.45,282.45,282.38,281.53,283.7,285.15,283.68,283.23,282.73,281.68,286.58,286.35,284.23,284.23,283.6,281.45,281.55,282.95,283.5,283.41,284.25,285.4,284.83,283.18,283.18,283.68,283.88,284.35,285.05,286.25,287.08,287.28,287.63,287.75,288.85,288.6,287.88,287.83,287.33,288.1,288.53,288.83,289.03,287.83,286.28,286.23,286.88,286.73,288.3,289.93,290.08,288.83,291.7,291.0,288.85,289.98,292.05,290.65,291.48,292.13,291.7,291.4,292.5,291.23,290.68,291.16,289.43,288.78,291.43,290.48,291.23,291.73,293.0,292.55,292.43,292.25,293.05,292.93,293.13,293.55,293.78,293.53,293.63,294.15,294.61,295.03,293.08,293.65,292.1,292.15,290.78,290.85,291.18,292.55,292.05,289.13,289.08,291.5,291.98,292.18,292.4,291.0,292.68,288.95,288.45,288.91,292.7,289.88,288.5,291.41,287.68,288.78,291.95,290.28,290.98,288.03,290.55,291.85,290.73,290.85,292.25,288.78,290.53,291.85,288.23,288.8,292.1,290.38,287.9,292.05,290.88,291.98,292.05,292.58,292.75,289.23,293.3,293.88,292.6,291.25,293.35,289.03,287.03,290.5,287.43,286.8,285.63,285.33,284.48,282.68,282.93,284.3,287.41,288.08,287.53,285.23,284.1,286.43,289.93,284.53,288.08,284.0,282.6,285.45,282.85,284.88,284.35,284.93,283.8,283.6,283.48,280.95,281.9,285.31,286.5,285.68,282.95,283.0,286.58,281.31,283.63,281.38,281.5,285.7,283.56,282.78,283.58,282.8,285.15,283.16,281.48,280.48,280.13,279.68,280.73,284.83,284.4,283.63,283.41,282.28,281.85,284.38,282.8,282.33,284.53,282.5,284.88,286.1,282.41,283.48,280.48,281.05,280.43,281.88,279.25,284.03,282.68,282.95,280.48,281.18,280.03,281.91
284.93,285.97,283.18,281.68,283.35,282.82,279.47,281.8,278.87,277.97,279.75,279.95,283.25,285.8,283.35,282.25,281.62,284.03,281.55,281.35,280.85,282.95,284.3,284.32,281.43,284.02,284.65,283.2,282.37,281.18,284.52,284.6,284.22,280.52,280.57,284.18,280.18,278.4,280.47,283.32,281.47,280.82,282.2,279.7,280.47,282.23,280.27,279.25,280.53,279.2,278.57,277.78,279.55,281.58,281.75,281.85,281.53,277.95,278.95,279.6,281.65,280.48,280.72,279.07,279.3,279.9,280.15,279.95,281.45,278.7,281.05,283.45,282.25,281.53,280.38,279.9,280.68,281.45,282.1,279.97,279.95,280.07,281.0,282.95,282.05,283.57,283.88,284.65,283.72,284.48,281.93,284.38,286.13,283.45,283.55,284.8,285.18,282.8,282.2,280.62,279.93,280.62,283.97,284.43,282.03,280.22,280.3,281.9,281.82,280.32,281.7,281.48,281.27,280.78,281.15,282.25,283.47,284.03,283.55,281.75,282.68,282.75,281.33,282.37,284.38,282.05,282.03,282.62,283.77,284.95,282.18,282.3,281.0,281.18,280.9,281.15,281.52,282.9,282.45,281.95,281.68,281.37,281.5,282.05,285.07,285.47,284.93,283.22,284.93,285.07,285.02,284.25,284.35,284.05,283.68,283.58,283.75,283.37,284.72,283.47,282.85,283.95,284.25,284.72,285.53,285.82,286.93,286.9,287.7,288.52,287.2,286.05,285.35,287.67,288.1,285.28,284.68,286.3,287.95,287.9,289.03,289.7,290.57,286.93,286.25,286.45,285.1,285.43,285.88,287.07,287.05,286.93,288.78,288.57,286.75,288.7,290.3,291.0,291.65,290.7,291.55,291.55,291.47,292.05,291.97,292.55,293.37,293.93,293.72,293.98,293.95,294.0,293.05,292.8,293.43,293.95,294.8,294.43,294.1,293.12,291.77,292.75,294.8,293.35,289.78,290.1,291.77,294.32,295.18,295.41,294.85,295.48,293.35,293.75,292.65,295.28,293.2,289.15,289.32,290.88,291.53,290.7,289.4,293.02,289.97,288.12,289.1,289.55,289.28,291.53,290.4,288.48,288.23,291.48,288.68,287.28,290.1,289.65,290.93,292.43,287.93,287.13,287.35,287.63,289.1,289.5,289.3,290.25,288.85,288.7,290.63,290.56,291.25,290.55,288.16,290.43,287.53,286.38,285.5,288.56,290.66,288.75,286.25,286.03,287.15,290.88,289.7,286.15,286.13,289.18,286.08,285.6,284.33,284.58,289.35,286.48,285.35,282.63,281.58,282.66,286.2,289.6,290.28,288.63,286.6,285.38,289.98,288.45,285.55,285.35,285.15,283.13,284.93,286.03,283.13,281.8,280.73,282.38,282.4,283.03,282.68,284.18,287.03,282.95,284.75,282.6,286.65,282.68,283.78,283.73,281.45,279.4,281.45,285.13,281.93,282.31,282.43,281.35,280.38,278.73,280.0,280.38,280.68,278.5,280.1,280.45,283.15,282.2,280.63,280.66,281.91,279.3,279.68,279.95,281.18,279.75,280.88,285.1,285.33,281.88,281.83,283.95,283.5,283.98,282.98
283.9,285.47,285.9,285.18,283.97,282.68,283.35,282.3,281.7,279.7,279.53,283.7,282.18,280.7,278.93,277.2,277.65,281.85,280.32,279.15,283.2,282.9,280.62,279.45,279.95,280.38,281.33,279.18,278.61,281.93,279.95,279.03,281.58,283.6,281.83,282.35,280.4,281.53,283.56,281.15,282.58,280.95,283.9,281.08,285.38,282.38,282.8,283.2,285.0,282.23,284.33,283.28,282.88,281.8,282.13,283.5,282.85,283.58,284.08,283.45,284.53,285.38,284.73,280.15,281.18,283.63,279.48,282.16,279.9,278.28,283.18,285.05,284.7,284.7,284.23,282.93,281.8,284.03,285.31,284.8,283.75,285.08,284.43,278.63,278.58,280.55,284.55,283.75,283.78,282.53,282.18,282.45,279.78,284.53,284.58,282.55,283.53,284.18,282.25,280.13,280.93,283.53,282.03,281.53,279.53,278.4,279.53,278.78,278.85,280.5,284.48,281.41,280.68,283.08,283.85,281.28,280.5,282.45,282.83,281.88,280.53,280.55,280.58,281.93,281.23,280.8,281.35,283.0,282.08,283.03,282.33,282.05,281.98,281.25,280.1,281.25,282.78,283.65,282.8,283.23,283.61,284.06,284.88,285.68,285.95,285.7,285.65,286.81,286.48,285.68,285.23,284.18,284.18,284.33,284.6,286.35,285.88,285.38,286.8,286.15,285.48,285.85,285.53,285.3,286.7,285.2,285.63,284.83,286.75,286.03,286.63,285.2,285.95,284.38,285.53,285.3,284.45,284.95,286.8,287.33,286.66,287.9,289.7,289.63,289.63,287.18,286.6,286.93,287.43,287.13,285.75,288.1,288.5,288.1,286.58,287.45,289.08,289.13,289.1,288.48,289.38,289.75,288.88,287.38,288.25,288.0,287.06,287.18,287.0,287.8,287.7,288.55,288.4,287.98,286.68,287.25,287.95,286.75,288.85,290.1,291.16,291.23,291.41,291.48,291.9,292.13,290.3,291.2,289.13,288.88,289.66,290.4,290.25,291.16,289.38,291.08,290.78,289.68,290.2,287.23,287.35,288.75,290.3,292.08,290.8,290.78,293.03,292.05,289.95,289.18,291.38,287.38,287.6,291.8,290.78,289.35,288.4,290.7,289.9,286.92,289.85,287.12,287.03,285.85,289.02,288.1,285.22,283.45,284.87,286.47,287.92,288.32,286.65,289.92,289.3,286.3,285.2,285.57,284.85,285.3,285.12,284.92,287.85,288.72,286.9,285.52,284.68,284.4,286.6,284.82,285.45,284.3,283.35,283.05,282.62,282.47,282.15,283.87,283.77,284.05,283.62,284.22,284.3,283.62,284.65,285.52,287.75,286.07,281.7,282.15,283.82,282.32,281.42,285.1,287.42,286.15,286.75,280.27,282.67,283.6,284.97,285.82,286.9,284.05,283.67,282.22,282.45,280.53,283.17,282.95,282.6,279.85,284.47,281.03,279.67,281.6,281.27,279.7,282.72,279.37,280.1,281.07,282.75,280.97,282.07,281.77,278.77,279.7,278.07,278.15,278.85,281.72,282.4,284.47,279.72,280.35,280.35,279.55,279.07,283.32,280.57,279.37,279.85,279.57,282.37
281.32,281.42,280.6,280.47,279.82,280.05,279.8,281.9,281.7,279.75,278.72,278.6,278.27,281.27,280.72,279.45,279.17,278.37,278.22,278.65,279.22,279.25,278.97,280.53,280.43,278.53,277.85,278.37,279.8,280.1,279.95,279.6,279.47,280.45,280.35,280.75,278.6,280.65,281.77,280.05,278.25,276.92,276.8,276.45,277.9,276.37,276.72,278.47,278.75,277.52,280.57,278.57,278.72,280.02,279.35,279.7,281.02,279.45,279.72,282.62,282.52,280.47,283.4,277.22,276.27,280.7,281.4,281.22,277.72,278.55,282.32,276.92,275.95,279.53,279.12,278.55,281.95,281.05,282.65,279.18,278.7,280.05,280.35,279.35,277.8,281.27,279.02,278.75,282.17,281.62,279.47,281.45,282.45,282.92,280.6,278.47,280.52,282.77,284.35,281.27,281.55,282.22,283.0,280.1,282.82,284.02,280.22,280.12,284.47,281.52,279.8,279.65,282.3,281.62,281.75,280.7,279.32,282.67,281.07,278.4,278.82,279.57,280.32,281.52,282.17,282.77,283.95,284.1,283.87,281.52,279.75,282.05,279.97,282.32,283.92,281.35,279.75,280.87,280.7,282.92,285.22,284.75,282.97,283.97,287.6,284.1,282.0,281.8,282.82,283.25,282.8,283.35,284.3,283.0,281.7,282.95,282.8,282.65,283.95,283.67,281.72,282.5,283.77,285.37,285.22,283.95,285.02,285.77,285.7,285.32,286.27,285.12,284.12,285.17,284.47,284.0,284.87,287.45,288.25,288.4,288.97,289.35,286.8,287.05,287.02,284.97,286.15,288.78,288.03,287.62,287.62,289.1,285.07,284.6,284.65,286.2,288.27,288.67,288.53,289.2,289.1,289.0,289.12,287.27,285.32,287.57,288.17,287.12,287.43,289.2,288.55,288.12,286.35,287.85,289.37,289.5,289.47,290.77,291.35,291.92,290.95,288.82,287.8,288.02,289.62,289.6,292.3,291.57,288.85,289.8,291.0,291.6,292.32,292.2,291.3,292.22,292.45,292.43,292.65,292.87,293.65,294.02,294.07,291.85,294.12,294.27,293.85,294.17,295.37,293.2,293.65,293.75,294.05,293.35,294.97,293.17,290.25,292.7,292.32,290.37,289.72,291.65,292.37,288.65,290.4,291.02,287.7,288.85,286.35,289.0,289.17,285.47,284.53,286.55,287.5,288.42,285.9,283.42,286.47,286.5,283.8,284.22,286.6,284.57,284.07,286.07,288.8,289.75,288.8,284.05,284.0,285.43,285.2,284.42,283.8,283.1,283.62,283.72,284.77,287.65,288.93,282.9,286.82,281.9,280.82,280.32,283.28,288.03,283.8,281.77,286.55,282.05,283.75,282.07,285.32,283.45,281.02,280.18,282.32,282.6,285.0,285.7,286.0,285.62,284.42,282.0,281.02,280.87,280.77,284.43,283.18,281.3,283.02,284.15,285.35,286.02,285.05,279.67,279.55,279.35,279.9,279.32,279.95,279.68,278.47,278.47,278.3,280.1,280.45,278.82,279.47,280.57,283.4,283.82,282.85,281.17,280.05,282.75,284.47,282.77,281.05,286.05,285.37,283.37,285.6
282.22,286.82,284.05,280.67,280.87,283.5,283.77,284.87,284.55,282.75,284.95,282.62,281.75,281.85,282.05,282.45,282.95,285.07,283.77,283.8,283.4,283.7,282.2,280.9,279.75,283.9,279.4,280.3,279.12,279.5,281.7,280.52,279.1,282.45,281.87,279.82,279.45,280.3,279.6,278.95,280.12,279.32,279.8,281.12,280.57,282.02,282.57,282.65,281.5,278.47,280.7,282.8,282.47,282.0,284.4,283.9,285.25,285.12,283.85,282.97,279.77,280.55,279.57,282.37,282.72,279.42,279.4,282.45,281.07,283.52,279.85,281.6,278.75,279.32,283.05,284.0,284.62,284.45,280.97,282.95,283.77,283.52,284.7,285.12,282.35,281.47,283.18,280.7,279.95,283.75,284.3,280.9,280.45,281.97,283.87,284.05,282.2,281.12,280.05,280.82,281.2,280.82,280.82,280.3,281.45,282.65,281.0,279.45,282.07,283.67,282.97,282.85,281.5,279.72,279.45,282.47,284.22,280.5,280.0,279.6,284.07,283.07,282.22,284.85,284.45,284.92,281.97,281.67,281.28,281.12,282.9,284.4,284.65,283.72,284.32,282.47,282.6,281.45,283.87,282.8,283.82,282.35,282.07,285.32,282.07,282.67,285.93,281.97,283.42,283.55,282.6,284.42,286.65,283.35,285.03,284.52,283.3,284.45,285.97,286.2,285.0,283.42,284.25,284.07,285.53,286.17,285.8,285.2,284.75,284.05,284.97,285.78,285.47,286.77,287.95,288.02,288.5,288.7,287.92,287.8,287.37,288.32,289.27,287.85,287.5,289.22,290.5,291.07,292.1,291.95,291.5,292.35,292.82,292.7,292.15,291.47,291.62,291.87,292.2,293.37,293.1,293.22,292.67,292.22,291.22,292.37,292.4,292.82,293.27,293.72,292.82,292.22,292.95,293.8,293.47,293.92,294.87,294.4,292.57,293.4,294.22,294.65,294.2,293.7,294.22,294.83,294.52,293.3,292.55,293.45,294.55,294.5,292.47,293.55,294.12,292.75,290.12,292.87,290.75,294.35,293.57,295.05,292.55,289.02,289.02,290.65,290.6,290.0,288.0,288.42,287.57,286.12,287.7,291.32,289.22,289.55,290.87,290.75,292.4,289.03,291.25,287.27,289.45,289.52,287.1,288.82,291.3,289.82,286.6,284.25,287.05,289.43,287.87,289.67,290.35,290.93,292.22,289.32,286.02,286.87,290.8,285.97,285.0,284.17,284.37,288.32,290.35,289.02,285.43,285.15,287.57,288.55,287.5,284.67,284.1,285.5,286.95,283.95,287.82,286.32,287.0,283.7,286.45,284.87,283.15,287.47,287.47,282.28,285.87,283.5,284.07,284.82,289.17,290.22,289.55,286.12,286.65,284.17,282.32,284.37,287.87,287.62,286.82,286.22,288.12,288.17,288.07,284.28,281.4,285.57,285.65,284.45,283.22,280.95,285.5,286.72,282.7,280.45,283.2,288.45,285.12,283.35,286.97,286.55,282.1,283.85,282.72,281.87,279.17,282.92,285.22,280.62,280.8,281.85,281.43,281.37,279.85,282.9,282.82,283.67,282.07,281.07,280.05,280.52,278.8
282.3,280.88,278.72,280.97,283.15,284.05,279.05,282.8,283.55,279.55,276.32,277.95,282.8,282.58,282.88,283.57,282.63,280.93,280.83,281.82,281.9,282.07,278.3,277.0,278.47,282.15,282.55,283.65,283.47,283.35,282.95,278.18,280.95,283.35,280.4,277.3,277.68,276.97,279.3,282.97,281.95,280.62,279.97,280.15,278.5,278.97,279.28,282.32,283.43,283.75,280.95,279.3,279.27,280.9,281.63,283.88,281.93,281.68,284.53,278.85,279.35,278.75,281.88,283.8,282.0,279.12,281.85,282.4,283.02,283.85,284.6,285.22,283.3,279.72,279.1,283.22,279.32,277.9,278.57,281.7,284.65,282.88,282.9,282.78,283.47,284.15,279.05,278.78,279.95,279.65,280.07,280.07,282.22,280.3,280.35,283.93,285.0,284.22,284.68,279.15,278.97,283.78,280.4,279.4,281.68,280.9,280.18,279.68,279.38,279.22,282.93,283.63,282.5,281.07,285.62,280.82,281.9,281.43,280.78,281.9,280.9,281.22,281.45,280.82,280.25,279.65,279.15,281.8,285.2,280.45,279.9,279.55,282.15,284.85,285.12,285.43,283.4,283.92,284.9,284.8,285.38,283.3,283.53,283.97,282.45,284.15,286.4,286.12,283.05,282.5,282.55,281.65,283.02,285.9,283.47,283.13,284.47,287.6,284.55,284.55,286.28,286.63,286.7,286.57,286.65,285.1,285.5,286.1,286.97,287.0,286.82,289.65,288.7,289.25,285.75,288.52,289.55,288.32,288.8,288.4,288.03,289.05,286.5,285.87,287.43,286.6,287.87,288.8,288.18,288.3,289.7,289.85,287.93,289.4,288.97,288.57,290.75,292.0,291.95,291.72,291.95,288.55,286.37,288.12,289.9,291.32,291.07,290.6,290.45,290.38,290.3,290.7,291.88,292.5,292.75,291.77,291.77,291.72,292.65,292.78,290.4,293.8,291.9,290.35,289.45,289.85,291.78,293.02,292.38,292.0,290.55,291.4,292.63,293.05,292.95,293.02,292.2,292.95,292.4,292.85,294.13,291.0,290.9,293.77,293.95,293.43,294.27,291.47,289.9,288.27,289.95,291.72,294.13,290.72,288.43,289.53,292.12,290.07,289.15,293.05,290.58,287.15,288.5,286.48,285.85,290.4,288.75,290.63,287.75,286.05,284.5,284.47,283.38,286.62,289.75,287.93,286.85,286.45,288.57,286.93,286.5,286.95,286.07,287.65,287.55,286.0,285.65,285.4,284.65,282.82,283.65,283.32,285.55,289.35,289.35,286.47,285.05,284.65,284.15,283.5,282.97,283.3,287.82,285.87,282.5,281.57,281.42,281.42,282.9,288.15,288.8,287.5,285.57,286.22,287.17,288.12,285.7,285.02,285.65,286.35,287.65,285.32,283.9,286.72,282.55,281.05,283.6,282.6,284.05,286.05,286.05,283.52,282.8,285.45,283.82,281.95,281.15,281.18,283.85,286.7,284.7,281.47,282.62,284.32,286.5,286.65,286.32,284.4,284.77,283.35,285.6,284.17,282.45,285.28,285.05,283.0,283.4,281.82,286.15,282.12,285.65,282.62,281.3,279.72,280.77
283.1,282.32,282.0,285.15,282.67,282.92,281.47,282.65,283.15,282.55,283.8,282.82,280.57,280.92,279.9,284.12,283.22,280.6,281.7,281.5,279.37,282.8,281.02,280.9,283.67,284.05,282.95,281.7,282.05,282.22,281.5,282.97,280.45,279.92,280.87,281.3,283.97,281.35,280.47,281.4,283.52,282.12,282.55,280.0,278.97,283.2,282.5,283.57,285.47,282.65,284.32,283.9,283.9,280.85,281.95,282.05,284.1,281.62,279.5,282.2,279.43,279.6,283.32,280.53,281.47,278.82,279.57,279.72,280.5,279.85,279.78,279.57,279.05,279.07,280.85,283.5,284.25,284.02,282.97,282.02,281.67,281.22,279.6,282.5,280.9,283.97,281.72,280.35,279.3,281.82,280.92,283.42,281.82,280.03,280.02,284.0,280.95,280.37,280.45,281.65,281.32,281.2,280.75,281.43,283.15,283.65,283.17,283.12,281.87,281.53,281.47,280.87,280.27,280.87,282.37,282.47,282.55,282.57,283.12,282.32,282.62,282.85,281.77,281.35,283.62,282.75,282.07,282.2,281.72,280.62,282.57,285.0,283.93,284.75,284.75,282.9,282.15,282.4,284.55,285.37,284.7,283.67,285.12,285.45,284.3,283.9,283.25,282.12,282.5,283.12,283.85,282.97,283.1,284.15,284.67,282.95,283.35,283.62,284.7,284.47,283.52,283.8,284.32,286.0,287.55,286.32,286.03,284.47,284.78,285.72,286.62,288.62,288.25,287.52,288.9,287.9,287.07,288.12,289.1,289.9,289.67,287.65,287.8,288.47,288.43,288.42,290.07,290.15,290.4,290.45,290.75,289.07,287.37,287.77,288.77,288.22,289.4,290.97,292.32,291.47,291.57,291.87,290.7,289.7,289.05,290.07,290.25,290.85,289.95,289.77,289.65,289.6,289.2,288.7,288.42,292.52,291.3,289.02,291.42,292.27,290.65,292.5,291.7,293.7,291.65,291.75,293.2,290.9,289.92,289.9,287.85,290.15,290.8,291.25,290.95,291.4,291.97,293.25,293.02,293.35,293.85,292.47,293.8,295.1,293.47,290.17,289.15,289.7,288.97,292.42,291.02,288.55,288.3,293.47,289.8,287.22,288.42,290.07,291.95,292.75,289.42,290.17,291.65,290.95,291.32,292.85,292.35,288.4,287.72,290.27,290.22,292.6,292.8,292.65,287.2,286.05,285.6,286.82,288.72,291.55,286.77,285.57,288.8,289.5,287.47,286.67,289.97,289.15,285.5,287.67,288.85,286.15,285.2,284.45,285.0,287.6,284.12,285.95,283.62,284.17,286.3,287.3,284.07,284.62,288.67,287.8,285.75,283.8,285.67,287.4,283.32,282.77,285.15,286.82,281.62,281.3,282.97,284.87,285.4,287.07,285.42,284.85,285.67,284.57,282.35,282.6,284.77,282.87,282.32,284.87,286.15,284.1,283.5,283.5,283.3,284.67,284.5,283.65,281.37,280.37,280.52,282.07,281.85,283.17,284.17,283.5,281.35,282.0,282.75,283.55,286.95,287.7,286.92,284.6,281.53,284.17,285.57,285.07,283.67,284.32,282.22,281.27,283.5,283.3,281.95
