297.15,297.63,296.98,296.81,297.3,296.38,295.85,295.96,296.38,296.13,296.5,296.96,297.86,297.38,296.08,297.88,298.13,298.08,298.46,298.0,297.18,295.98,295.55,294.43,294.0,295.61,298.13,296.38,294.71,295.93,296.0,294.23,294.68,295.03,296.06,296.96,295.75,297.33,295.78,293.55,294.9,296.75,295.65,294.38,296.3,296.46,297.41,297.58,295.75,294.43,294.03,295.13,295.18,295.58,293.25,293.75,293.8,295.23,294.53,295.78,296.78,299.68,299.61,301.18,298.86,298.88,300.11,298.93,297.88,293.46,292.73,293.88,294.68,295.88,297.98,296.33,294.75,296.21,294.78,296.25,298.83,296.4,294.21,294.11,295.21,295.18,295.83,295.33,295.56,295.58,295.03,295.46,294.58,294.91,294.78,294.96,295.03,294.55,294.25,295.5,295.03,294.73,294.71,294.68,296.53,295.9,296.28,296.48,297.08,296.41,295.8,295.25,296.61,295.23,296.38,295.5,295.38,294.15,294.13,294.0,294.38,295.4,295.28,294.96,294.66,295.15,294.23,294.41,294.33,294.13,294.68,294.48,294.36,294.0,294.53,294.8,294.18,294.85,295.18,295.0,294.78,294.55,294.41,293.63,293.98,294.03,293.68,294.11,294.48,293.78,294.5,294.06,293.96,294.13,294.05,294.16,294.68,293.96,293.48,293.91,293.55,293.8,293.53,293.13,293.08,293.36,293.28,292.8,292.86,293.58,293.66,293.36,293.33,293.58,294.05,293.41,293.11,293.88,294.55,294.25,293.5,293.16,293.48,293.8,293.73,293.41,292.36,292.83,292.81,293.03,293.16,292.8,292.83,292.91,292.66,293.03,293.16,292.98,293.33,292.85,292.55,293.21,293.66,293.08,292.66,293.58,294.03,292.61,292.81,292.98,293.03,293.33,292.3,292.55,292.36,292.75,293.58,294.06,293.28,293.21,293.75,293.81,293.88,293.43,293.05,293.1,292.96,293.38,293.08,292.96,292.8,293.56,293.16,292.83,293.48,293.03,293.66,293.21,293.56,293.11,292.48,293.05,293.36,293.28,293.25,293.53,292.86,292.21,292.25,292.88,293.61,292.75,292.63,292.55,292.0,293.15,293.65,292.98,293.46,293.13,292.73,293.08,293.93,293.38,293.48,293.18,292.98,293.33,294.06,294.05,293.78,292.93,293.5,293.53,293.61,294.41,294.23,294.28,294.5,293.53,293.61,292.93,293.03,293.16,293.46,293.4,293.75,293.83,293.98,293.28,293.7,293.33,292.78,293.38,293.73,293.38,293.48,293.63,293.53,293.21,293.91,293.68,294.03,292.98,293.48,293.8,293.75,293.55,293.65,293.61,293.53,293.28,293.43,292.88,293.21,292.65,293.03,292.83,293.63,294.13,294.53,295.13,294.83,295.11,294.3,294.61,295.31,295.08,295.0,295.58,295.78,295.4,295.05,294.96,294.86,294.18,294.43,294.93,295.41,295.5,294.0,293.21,292.36,292.61,292.46,293.36,294.43,294.78,294.93,294.78,294.68,294.05,294.78,295.53,295.65,294.25,295.16,294.46,294.46,293.53,292.9,291.93,292.58,292.61,292.98
294.73,295.46,296.0,295.48,296.83,296.65,294.55,297.31,297.16,296.75,294.98,297.63,298.05,297.53,296.98,297.4,298.93,297.21,297.36,297.98,297.36,295.23,293.4,293.3,294.43,296.18,296.21,296.48,295.5,296.05,296.28,296.53,297.58,298.83,298.48,297.8,298.05,298.18,298.11,297.68,297.98,298.13,295.86,295.1,297.25,298.78,299.38,298.6,299.81,297.86,297.38,298.5,300.46,299.4,298.41,297.5,297.43,297.16,297.75,295.73,295.91,295.68,298.21,297.5,296.15,295.68,296.21,296.03,297.36,298.0,297.28,295.9,296.93,299.33,298.33,298.68,300.63,299.63,298.28,299.91,300.98,300.98,298.78,294.93,294.63,294.88,294.98,295.75,295.63,294.25,294.23,294.36,294.68,295.41,293.25,293.25,293.18,293.83,293.98,294.83,294.93,294.53,295.3,294.36,295.33,294.5,294.43,294.38,294.0,293.8,294.48,296.23,296.0,296.96,297.58,295.46,296.93,295.58,294.18,294.93,293.96,294.75,295.1,294.46,294.75,294.8,294.88,295.18,294.16,294.3,294.21,294.25,294.3,293.63,293.86,294.36,294.5,295.08,295.15,294.3,294.58,294.0,294.13,294.18,293.65,294.45,294.5,293.98,293.55,293.73,293.96,293.43,293.18,293.38,294.25,294.43,293.98,294.06,293.78,293.8,293.36,293.38,294.13,294.75,294.05,294.18,295.23,294.28,295.18,294.11,293.38,293.46,294.13,295.21,294.03,294.21,294.23,293.83,293.71,294.0,293.91,294.36,293.25,293.81,293.8,292.86,292.71,292.3,293.28,293.43,293.25,293.03,293.58,292.58,292.18,292.41,293.41,293.91,293.98,293.48,293.91,293.21,292.83,292.83,294.23,292.86,292.85,293.93,293.18,293.0,293.63,293.53,292.88,293.08,293.06,293.58,293.48,293.11,292.5,292.11,292.05,293.03,293.03,292.63,292.5,292.68,292.03,292.78,292.58,292.28,291.93,291.98,292.65,292.68,292.43,292.35,292.38,292.8,293.3,292.83,292.25,292.48,292.71,292.28,292.28,292.61,292.73,292.43,292.71,292.63,292.8,293.28,292.98,292.93,292.98,293.25,293.28,293.25,293.16,293.03,292.53,293.28,292.93,293.03,293.41,292.81,292.88,292.35,293.05,292.63,292.48,292.71,292.8,292.18,292.63,292.38,292.15,292.5,292.48,292.93,292.8,292.55,292.93,293.05,293.36,293.63,293.53,293.53,293.78,293.63,293.68,293.05,293.38,293.08,293.43,293.08,293.11,293.03,293.33,293.08,293.18,292.88,292.71,292.81,293.4,293.85,292.93,293.05,293.0,293.5,294.03,293.58,294.5,293.73,293.3,293.83,293.8,293.61,293.46,293.65,293.71,293.5,293.53,292.68,293.33,293.21,293.05,293.8,293.28,292.98,293.06,293.75,294.23,295.63,294.78,294.63,295.58,295.9,295.83,293.35,292.8,293.4,294.85,293.98,295.0,294.3,295.43,294.91,295.11,295.93,295.78,297.55,296.61,296.33,297.15,296.75,296.41,295.65,295.58,295.98,296.36,297.48,296.66,296.41,296.56
296.93,295.93,297.06,295.75,297.28,295.96,295.91,298.15,296.85,296.66,297.43,297.48,297.93,297.28,297.11,297.16,297.36,297.46,298.21,297.03,296.53,297.98,298.3,296.05,294.98,296.66,296.55,296.61,296.03,295.98,297.83,298.61,298.28,298.46,297.81,297.33,299.55,297.58,297.5,297.48,297.83,293.58,294.11,295.98,297.08,295.53,295.63,294.31,295.08,296.08,297.36,298.5,298.33,298.11,296.96,294.28,295.03,295.68,299.25,300.63,299.88,297.83,298.08,298.73,300.0,297.78,296.08,297.66,297.75,295.18,294.98,293.38,293.46,293.98,296.75,293.88,294.15,294.28,294.06,294.68,294.71,293.9,293.91,294.73,293.8,293.91,294.03,294.83,294.5,294.98,295.05,294.61,295.41,295.36,294.9,295.28,294.68,294.5,295.96,295.48,294.98,294.05,294.43,295.18,294.98,295.11,295.41,294.9,294.8,294.86,294.31,294.23,294.31,293.96,294.75,294.16,294.98,295.73,295.75,294.88,296.0,295.18,294.56,294.63,294.43,295.28,296.03,294.28,294.05,294.61,293.93,293.56,293.63,294.0,293.88,294.23,294.36,293.63,293.21,293.55,294.11,294.68,293.83,294.3,295.38,294.83,293.83,293.75,294.18,293.68,294.9,293.88,294.5,293.75,294.21,293.88,294.0,293.68,294.25,294.13,294.5,294.48,294.9,294.16,294.4,293.48,293.18,294.33,294.25,293.38,293.56,293.4,293.86,294.13,294.48,293.78,293.41,293.38,293.48,293.18,293.5,293.88,293.53,293.23,292.88,292.71,292.43,293.11,293.75,293.0,292.83,292.83,292.5,293.05,294.11,293.23,292.86,292.78,293.11,292.98,292.5,292.38,292.65,292.63,292.86,292.63,292.91,292.88,293.13,293.11,293.5,293.65,293.95,293.18,293.5,293.61,293.63,292.75,292.68,292.91,292.88,293.75,293.63,293.08,293.06,292.88,292.93,292.36,292.5,292.56,293.18,292.68,292.63,292.63,292.25,292.83,292.55,292.98,292.81,293.5,293.66,293.16,292.5,292.75,292.98,292.31,291.83,292.18,293.03,293.21,292.28,292.75,293.25,293.23,293.25,293.03,293.16,293.43,293.71,293.18,293.11,293.0,292.75,292.88,293.38,293.13,293.18,293.48,293.38,293.53,293.4,293.63,293.13,293.43,293.73,293.53,293.53,293.33,293.83,294.05,293.06,293.16,293.48,293.75,293.28,292.93,293.0,293.18,293.41,292.91,293.31,293.23,292.86,292.46,293.18,292.91,293.48,293.03,293.03,293.03,292.83,293.38,293.03,293.33,293.0,292.28,292.86,293.2,293.46,293.25,293.08,293.75,293.78,293.78,293.75,293.86,293.48,294.18,293.91,293.28,293.4,293.25,294.56,294.0,293.66,293.38,292.68,293.0,292.58,293.58,293.48,293.73,292.53,292.86,292.63,293.66,294.75,293.58,292.38,292.28,292.48,293.08,292.98,293.4,293.43,294.03,293.66,294.61,295.4,293.86,293.58,294.13,293.68,293.86,294.18,293.58,293.91,293.38,294.78,293.88,293.21,293.58,293.46,294.66,293.86
293.56,293.75,293.75,294.03,293.98,293.61,293.65,293.81,293.53,293.88,293.48,293.63,293.75,294.0,294.18,294.13,294.28,294.66,294.98,295.36,294.78,294.41,295.3,293.43,294.75,296.23,295.36,292.98,292.98,293.03,292.63,293.15,292.78,293.36,294.61,294.43,294.06,296.23,296.21,295.08,295.38,296.0,296.36,293.73,294.88,295.96,294.73,296.38,295.08,295.98,296.93,297.58,298.68,298.25,297.96,297.03,295.96,294.13,294.46,294.73,292.96,293.18,295.43,298.16,296.23,294.8,293.33,293.8,295.88,297.63,298.28,299.68,299.08,296.75,298.03,299.78,298.98,294.88,294.73,294.41,295.06,297.21,299.53,298.61,297.88,298.63,298.35,295.58,293.8,293.8,293.63,293.5,293.66,294.48,295.43,295.31,295.23,295.06,294.58,293.75,295.5,295.85,294.18,294.48,294.88,294.15,293.08,294.03,294.78,295.21,295.63,296.05,294.23,293.93,294.5,294.46,294.23,295.21,293.88,294.91,295.33,295.46,294.53,294.33,293.63,294.38,294.23,293.8,293.5,293.53,293.61,293.98,293.55,293.46,294.13,293.43,293.93,293.28,294.88,294.98,293.83,294.08,294.23,293.88,294.18,293.93,294.25,294.25,293.75,293.83,293.8,293.61,293.66,293.73,293.0,293.13,293.8,294.53,293.63,293.1,293.68,293.91,293.23,293.25,293.8,293.68,293.0,294.08,294.41,294.75,294.28,293.78,293.91,293.5,293.31,293.21,293.0,292.88,293.61,293.68,293.3,293.73,293.5,294.05,293.33,293.41,293.48,293.38,293.28,293.03,292.75,292.58,293.23,293.06,293.65,293.33,293.18,292.88,293.5,292.93,292.65,292.46,293.33,293.38,292.68,292.91,292.8,292.18,292.83,293.15,293.91,293.66,293.43,292.8,293.08,292.33,292.71,293.38,292.46,292.41,292.78,292.75,292.88,292.88,293.28,292.78,292.36,292.58,292.21,292.5,292.55,293.08,293.23,293.11,293.03,292.58,292.46,293.1,292.78,293.0,292.8,292.78,293.03,292.71,292.83,293.73,294.0,293.33,293.18,292.68,291.88,293.0,292.48,292.61,292.75,292.78,293.28,293.58,293.68,293.56,293.7,293.46,293.38,293.63,293.48,293.4,293.13,293.23,292.91,292.31,292.75,292.71,292.61,292.33,292.66,292.78,292.71,292.4,292.61,292.73,292.71,292.61,293.35,293.28,292.8,293.61,293.21,293.16,293.61,293.11,293.11,293.28,293.06,293.06,292.75,292.58,293.05,292.78,292.48,292.75,293.23,292.91,293.55,292.91,292.86,293.43,293.03,293.18,293.48,293.91,294.58,294.71,294.71,293.18,293.93,293.28,293.46,293.65,293.8,294.68,293.61,293.28,293.53,293.75,293.91,293.5,292.71,293.13,292.46,292.5,292.88,293.41,293.15,293.48,293.43,293.0,293.21,293.48,293.96,293.23,294.05,295.23,294.96,295.83,295.0,293.75,293.38,292.73,293.28,294.75,294.28,295.43,295.06,296.28,296.0,296.96,296.05,295.33,294.36,294.33,295.0,297.65,296.73,296.93,297.63
297.36,296.18,295.48,296.43,293.38,293.05,293.78,295.86,295.91,297.13,297.88,297.03,297.16,296.63,296.55,295.98,296.08,299.68,299.18,299.36,298.03,296.68,295.5,294.63,295.93,295.63,297.31,297.43,297.75,296.21,297.55,295.65,295.15,295.91,297.53,298.0,296.21,297.46,298.0,298.73,298.41,297.05,298.0,297.63,299.91,297.68,296.13,294.88,295.71,294.4,295.83,295.23,297.65,298.66,300.18,298.61,298.85,299.98,299.66,295.86,296.33,297.53,296.15,296.03,298.18,297.61,296.68,298.23,298.36,295.68,296.8,297.46,297.91,297.48,296.61,296.8,297.71,297.5,297.66,299.25,298.05,297.98,298.96,299.41,297.53,297.43,297.8,298.83,298.11,298.98,297.58,296.16,296.5,293.86,294.13,294.66,293.88,294.23,293.88,294.48,294.98,294.58,294.93,293.91,294.63,295.55,297.08,295.43,296.11,296.46,295.58,294.83,294.98,295.48,294.23,294.63,294.78,294.68,295.33,295.23,294.48,294.38,294.13,294.21,294.28,294.18,294.25,294.58,294.33,294.98,294.78,293.83,294.41,295.23,294.85,296.08,294.91,294.96,294.46,294.75,294.43,293.68,293.73,293.9,294.06,294.18,294.53,295.18,294.41,294.3,294.08,293.93,294.6,294.03,294.16,293.2,294.06,293.56,293.43,293.8,294.0,293.73,293.71,293.48,293.43,293.75,293.25,293.43,293.48,294.36,294.31,293.8,293.21,293.7,294.81,294.66,293.81,294.66,294.5,294.13,293.43,293.08,293.21,293.46,293.55,293.0,292.58,292.98,292.8,292.78,292.5,292.85,293.3,293.18,292.83,292.86,293.11,293.86,292.86,293.11,293.25,293.48,293.48,293.23,293.75,293.46,293.63,292.93,292.91,293.18,293.03,292.71,292.63,292.38,292.48,292.46,292.71,292.48,293.16,293.68,292.91,293.61,293.53,293.73,293.43,292.33,293.23,293.43,293.55,292.75,293.63,293.98,293.48,294.13,294.53,293.36,293.08,293.23,293.28,293.05,293.03,292.96,293.28,292.58,292.6,292.98,292.38,292.75,293.06,292.5,292.96,292.86,293.21,293.53,293.46,293.63,293.73,294.1,294.43,294.21,294.16,293.15,292.78,293.16,293.36,293.36,293.38,294.08,293.13,292.61,292.8,293.21,293.38,293.53,294.03,293.73,293.43,293.5,293.16,293.65,293.25,293.13,293.18,293.08,293.36,293.3,293.53,293.86,294.05,294.0,293.61,293.33,293.18,293.11,293.36,293.65,293.33,293.48,293.23,293.41,293.16,292.96,293.78,293.46,293.2,293.25,293.43,293.03,293.1,293.3,292.91,293.58,293.75,294.53,293.21,292.98,293.3,293.65,293.5,292.86,293.23,293.58,293.71,293.08,293.63,294.05,294.0,293.83,292.93,292.78,292.46,292.65,292.68,293.25,292.66,291.83,292.38,293.16,293.13,293.41,294.21,294.4,294.4,293.68,294.28,296.25,295.1,294.58,294.58,295.71,295.98,296.61,295.71,294.53,294.33,294.86,296.23,294.83,294.28,294.71,294.0,293.28,295.53,296.3,295.88
296.58,297.23,296.86,296.18,296.6,295.28,295.98,295.78,297.3,296.16,294.41,294.75,296.13,293.65,292.9,294.73,296.25,295.23,295.21,295.03,295.9,297.33,298.03,295.61,294.46,297.48,298.3,297.38,296.66,294.5,293.28,294.93,295.28,295.53,294.38,295.53,296.91,297.43,296.53,295.13,295.71,296.96,297.6,297.23,297.61,297.53,298.91,298.93,298.38,297.23,298.03,298.53,299.18,297.38,297.23,298.0,297.96,297.05,295.71,292.78,294.21,294.31,294.75,297.66,298.75,297.36,297.58,299.36,299.73,297.15,296.61,295.18,293.88,296.48,295.28,294.38,297.28,297.75,298.58,299.1,299.5,299.4,298.58,298.03,297.58,296.9,294.43,294.11,294.16,293.48,294.68,294.86,294.46,294.25,294.05,293.93,294.53,295.25,294.81,293.96,294.25,294.28,294.18,294.56,294.98,294.5,294.3,294.55,294.83,295.3,295.8,295.98,293.38,293.18,293.28,293.11,293.11,293.21,293.78,293.23,293.23,293.48,293.43,294.78,294.28,295.36,295.53,293.83,293.28,294.53,295.13,293.75,293.63,294.56,294.8,293.73,294.16,294.71,294.1,293.86,294.5,294.78,295.03,295.21,294.73,294.78,294.23,294.88,295.08,295.21,294.68,294.88,294.9,294.38,293.81,293.61,295.1,294.86,294.16,294.28,295.8,295.66,293.98,294.63,294.53,293.88,293.16,293.08,293.13,293.18,292.75,293.33,292.8,291.9,292.21,292.98,294.11,293.61,293.96,293.13,292.58,293.16,292.78,292.21,291.98,292.66,293.43,294.46,294.08,292.8,292.61,292.9,292.23,292.38,292.48,293.5,293.41,293.18,292.0,292.11,292.96,293.78,293.48,293.88,293.28,292.75,293.28,292.91,292.43,292.98,292.71,292.21,292.13,292.83,292.96,292.71,292.78,292.78,293.43,292.98,292.98,293.16,292.71,293.36,292.21,292.33,292.48,292.36,292.21,292.71,292.23,292.18,293.13,293.13,293.41,293.55,293.33,293.13,294.08,294.16,293.11,292.48,292.68,292.28,293.41,292.7,292.96,293.13,293.25,294.06,293.13,293.28,293.5,292.71,293.13,293.11,293.28,292.75,292.71,292.63,292.43,292.61,292.35,292.4,292.65,292.46,292.75,293.06,292.8,293.28,292.73,292.28,293.36,293.58,292.81,293.43,293.28,293.53,293.71,293.98,293.21,292.48,292.73,293.21,292.63,293.18,292.88,292.91,293.25,292.93,292.68,292.53,293.13,293.15,292.96,292.73,292.43,292.15,292.66,292.53,292.36,293.28,292.9,293.28,292.93,292.88,292.73,293.0,293.63,293.0,293.16,292.83,292.85,292.18,293.0,293.41,292.53,293.18,293.4,293.38,293.18,293.38,293.28,292.9,293.63,292.75,292.58,292.98,293.66,293.61,293.46,292.65,293.93,293.38,293.78,295.03,295.43,294.11,294.98,293.38,293.95,293.66,294.78,294.33,294.08,292.86,292.38,292.56,293.46,293.81,293.75,293.33,294.8,294.88,294.56,294.93,294.61,294.83,295.28,296.13,296.41,296.11,296.18,296.71,296.75
298.73,298.58,299.11,299.36,298.71,298.83,299.33,298.66,298.23,298.58,298.0,298.13,297.55,297.46,297.53,299.5,299.16,299.28,300.48,299.0,298.86,299.58,299.18,298.28,296.03,296.58,294.65,293.46,292.65,293.66,295.63,294.83,294.36,293.93,293.75,294.11,294.46,293.93,295.16,295.53,296.18,293.75,295.68,296.58,295.11,295.58,296.71,296.18,298.0,299.21,299.36,299.03,296.83,297.36,298.36,298.86,299.16,299.11,297.93,297.03,296.55,297.38,295.78,294.98,297.63,298.46,299.13,299.53,298.68,298.25,299.83,300.23,299.65,299.73,301.11,299.3,294.83,295.73,293.68,294.43,295.03,294.68,294.93,294.55,294.03,294.05,294.5,293.86,293.83,294.13,294.36,294.68,293.68,293.8,293.48,293.38,293.86,293.38,293.98,294.18,294.15,294.08,294.41,294.21,294.13,294.2,294.0,294.31,294.53,294.75,293.68,293.86,293.43,293.13,294.11,293.21,293.95,293.46,292.98,294.48,294.78,294.9,293.46,293.4,294.18,293.98,293.93,294.06,294.78,294.16,293.25,294.16,294.21,293.98,293.38,293.38,293.61,293.43,293.66,293.73,293.56,293.46,293.38,293.63,292.58,293.08,293.21,293.25,292.91,293.21,293.43,292.58,293.25,293.98,293.71,293.11,293.78,293.86,293.35,293.58,293.08,292.91,293.91,294.03,294.0,293.16,293.96,293.75,294.16,293.58,293.6,292.93,292.68,293.18,292.4,292.83,293.33,293.71,293.3,292.5,293.13,293.21,293.58,293.61,293.25,291.86,292.4,291.86,292.88,292.55,292.28,291.91,292.13,292.18,292.05,292.21,292.5,292.38,292.55,292.63,292.71,292.58,292.41,293.0,292.71,292.56,293.15,293.71,293.33,292.98,292.8,292.81,292.48,292.3,293.21,292.25,292.0,292.08,292.38,292.93,292.68,292.61,292.71,292.75,291.78,292.13,292.11,291.83,291.55,291.25,291.33,291.65,291.41,293.25,292.93,292.38,292.48,292.3,292.46,292.48,292.08,291.88,291.41,292.15,292.83,292.48,292.5,292.21,292.91,292.28,292.65,292.25,292.41,292.31,292.65,292.38,292.71,292.75,293.25,293.11,292.55,292.83,293.08,293.31,292.83,292.48,292.38,292.18,292.83,292.63,292.58,292.36,292.78,292.61,292.71,292.53,292.3,292.4,293.03,293.11,292.78,292.28,292.13,292.28,292.5,292.68,292.68,292.73,292.9,293.33,293.35,292.31,292.83,293.21,293.03,293.13,292.63,292.6,292.66,292.93,292.88,292.88,293.48,293.25,293.11,293.33,292.88,292.75,293.03,293.15,293.78,293.13,293.16,293.25,293.4,293.43,292.96,292.96,293.48,293.71,294.56,293.21,293.43,293.18,293.61,293.25,293.03,292.8,292.48,292.71,293.58,294.61,293.91,293.68,292.75,292.8,293.25,294.4,292.88,293.43,294.0,293.58,294.71,294.5,293.96,293.13,294.05,294.33,295.18,295.55,295.18,293.88,293.75,293.0,294.83,293.88,294.08,295.0,296.05,294.98,295.36,295.13,295.46,295.96,294.88
295.34,295.53,294.66,295.43,295.74,296.56,297.14,295.44,295.16,293.71,293.59,292.94,294.06,295.59,296.14,298.19,297.94,297.41,296.79,297.86,297.49,297.46,298.16,298.29,297.09,297.59,297.54,298.18,298.39,298.66,297.84,300.0,299.93,300.19,297.26,297.81,297.31,298.01,299.18,295.09,295.81,296.34,298.28,300.06,299.11,298.42,296.04,296.19,298.04,299.59,297.84,298.39,299.44,299.29,298.74,298.04,297.94,294.56,294.46,297.68,297.44,294.56,292.91,293.59,292.96,292.91,293.11,295.78,295.81,294.34,295.71,296.23,296.16,296.21,296.94,297.69,295.31,293.84,293.19,293.68,292.86,294.29,294.76,293.31,294.02,295.64,294.19,293.46,293.21,293.39,293.84,295.36,294.66,294.56,296.24,294.28,293.76,293.71,294.06,293.98,294.64,294.44,294.44,295.11,294.19,294.06,294.06,293.94,294.68,294.66,294.94,294.28,293.96,294.11,293.89,294.51,294.74,294.81,294.76,295.38,295.34,295.56,295.53,295.74,293.56,293.79,293.61,294.56,294.88,294.56,294.31,294.54,294.43,293.99,294.09,294.06,293.66,293.93,293.42,293.43,293.31,293.39,293.36,293.44,292.79,292.69,293.64,293.13,294.02,293.94,293.74,293.33,293.39,293.56,293.14,293.31,293.59,293.24,293.11,294.02,293.13,293.59,293.49,293.66,293.79,294.59,294.99,293.68,293.81,293.66,293.16,294.34,293.98,292.99,293.24,293.09,293.26,293.56,293.39,293.02,293.01,292.86,292.73,292.03,292.59,292.64,292.93,292.69,292.79,292.63,293.53,293.53,293.16,292.96,293.64,293.28,293.08,293.39,293.01,292.81,292.56,292.61,291.64,292.46,292.59,292.51,292.99,293.16,292.41,291.63,291.36,291.59,291.59,291.76,291.51,291.96,292.41,293.49,293.17,293.49,293.53,293.19,293.71,292.81,292.94,293.51,293.59,293.22,293.46,293.19,293.22,293.29,293.36,293.98,293.48,292.97,292.88,293.23,291.74,292.39,292.36,293.34,293.01,292.36,292.74,293.02,292.31,291.54,291.64,292.36,292.66,293.36,293.16,293.26,293.43,293.06,293.03,292.81,293.73,292.94,293.16,292.63,292.24,292.49,292.52,293.01,292.98,293.29,293.24,293.48,293.76,293.11,292.54,292.56,293.06,292.86,292.79,292.97,292.91,293.43,293.66,293.56,293.28,293.53,294.09,293.47,293.31,293.06,292.83,292.86,292.79,292.71,292.84,292.54,292.61,293.21,292.81,293.41,293.21,293.39,293.06,293.23,293.36,293.16,292.98,293.61,293.06,292.74,293.26,293.44,294.21,294.16,293.94,293.81,293.34,293.54,292.76,292.56,293.09,293.16,292.94,293.18,293.24,293.08,293.36,293.11,293.51,293.72,293.91,294.21,293.48,293.06,293.24,294.08,293.41,293.66,292.98,293.36,292.71,293.34,292.71,293.59,292.91,292.56,292.72,292.84,292.91,293.34,293.71,293.89,293.03,293.39,293.26,293.91,292.96,293.59,293.99,295.49,295.36,295.47,294.88,295.11,296.93,297.29,296.97
295.39,293.24,293.73,293.31,293.79,294.01,294.94,295.29,293.74,294.43,295.81,296.58,297.39,296.96,297.69,294.66,295.76,296.64,296.24,296.36,296.24,295.69,295.89,294.76,294.78,296.26,295.94,295.11,295.24,295.36,294.76,295.36,296.41,297.66,298.21,298.24,298.36,297.21,296.56,297.74,297.54,296.71,295.17,295.99,296.84,298.06,297.16,296.86,297.66,297.11,294.91,295.28,293.53,294.11,296.86,296.91,296.46,296.11,294.86,294.73,296.31,295.16,296.01,294.61,295.11,294.46,294.79,295.24,295.41,295.19,293.58,295.38,298.54,295.04,293.91,294.11,293.91,294.76,296.71,298.66,296.98,296.68,296.34,294.73,295.54,297.31,297.54,296.61,295.79,294.59,294.46,294.34,294.54,294.43,295.01,294.86,294.66,293.86,293.31,294.21,294.89,295.74,295.28,295.11,296.29,295.59,295.46,293.71,294.81,294.78,294.81,294.63,294.74,294.74,295.14,295.68,295.31,295.06,294.81,294.18,294.71,294.98,294.16,294.93,294.94,294.63,294.71,295.49,295.31,294.56,294.46,294.26,294.16,294.21,294.64,295.34,294.71,294.31,294.29,294.71,293.89,294.01,294.24,294.03,294.66,295.09,294.44,294.29,294.03,294.14,293.31,293.74,293.56,293.86,293.86,294.08,293.84,294.49,294.44,294.26,294.26,294.16,294.21,293.54,293.69,294.04,294.24,294.71,294.74,293.96,294.34,293.94,293.43,292.91,293.06,293.19,293.79,295.14,294.16,293.91,293.76,293.83,294.25,293.86,293.98,293.96,293.93,293.8,293.75,293.81,293.23,293.28,293.8,293.28,292.93,292.63,292.65,293.43,294.96,293.83,292.98,294.16,294.03,293.8,293.38,293.21,293.91,293.61,293.38,293.03,292.98,293.23,293.66,292.8,293.61,294.58,296.0,295.0,294.06,293.88,293.58,293.15,293.43,293.11,292.58,292.58,292.73,292.88,292.71,293.38,293.88,293.88,292.73,293.48,292.96,292.5,293.11,292.98,293.65,293.91,294.05,293.03,293.43,293.15,293.48,293.18,293.11,293.78,293.78,293.48,292.96,294.06,293.98,292.96,293.03,294.46,293.63,293.98,294.43,293.71,293.73,293.68,293.96,293.98,293.28,293.58,293.96,294.23,293.63,293.25,293.78,294.03,293.88,293.66,293.53,293.91,292.96,292.71,293.58,293.8,293.0,293.11,293.63,293.36,293.53,293.06,293.36,293.68,293.03,293.71,293.38,293.15,293.66,293.86,294.11,293.71,293.46,293.98,293.66,293.5,293.8,293.61,293.5,293.13,293.81,294.03,293.46,292.93,293.03,293.73,293.68,293.75,293.91,293.68,293.96,293.16,293.41,293.36,292.8,292.96,294.13,293.85,294.18,295.46,294.58,293.83,293.03,294.38,293.41,294.8,294.73,295.3,295.11,294.73,295.66,295.71,295.71,295.33,295.68,294.53,293.43,294.68,293.28,293.48,294.71,295.0,295.58,296.63,297.63,297.43,296.48,296.71,298.05,297.83,295.38,295.73,296.16,296.86,297.05,297.33,296.4,295.78,296.33,297.91,297.25
296.83,294.61,295.0,293.91,294.46,295.58,297.41,296.83,296.43,294.28,294.05,297.08,297.96,296.68,294.18,294.48,294.16,294.55,294.73,294.73,294.0,292.0,293.28,293.8,295.86,298.75,298.13,298.38,297.88,298.93,297.21,297.3,298.58,297.93,298.86,299.16,299.46,298.93,297.98,299.11,300.05,298.46,297.4,297.83,298.38,296.91,297.21,297.86,297.93,298.96,300.96,300.05,300.16,300.0,298.81,300.8,300.78,300.78,301.03,301.4,300.48,302.18,298.86,297.4,297.46,297.48,299.06,299.25,296.13,296.15,293.36,293.96,293.55,294.58,295.13,294.5,294.61,294.71,295.3,294.9,295.48,296.78,295.38,294.18,294.43,295.33,295.18,295.93,296.78,299.33,299.28,299.96,299.9,299.8,298.68,298.78,297.38,294.73,295.41,295.88,296.88,297.58,297.83,297.56,297.4,295.3,294.96,294.9,294.93,294.83,296.0,294.48,294.8,294.73,294.48,295.05,295.0,294.75,294.83,294.21,294.03,293.68,294.71,295.21,294.73,294.28,294.18,294.75,293.63,294.08,294.53,293.8,293.96,294.0,294.38,294.38,294.25,293.83,293.3,293.38,293.63,293.61,293.08,293.63,293.75,295.11,296.03,295.21,296.0,294.8,294.8,295.21,294.6,295.73,295.85,294.38,293.8,293.96,293.4,293.48,293.68,293.88,294.53,293.91,293.15,293.88,294.18,294.0,294.36,294.21,295.46,294.68,294.46,293.98,294.06,293.71,294.3,293.58,293.61,293.03,294.23,293.41,292.66,293.38,293.38,293.88,293.88,294.63,294.55,293.53,292.96,293.53,293.23,292.88,292.81,292.75,292.61,292.0,292.11,292.28,292.58,292.53,293.18,293.5,292.83,293.86,293.78,292.15,293.0,293.48,292.63,292.8,293.11,293.11,293.96,293.0,292.38,292.46,293.58,293.21,292.41,292.25,292.41,292.71,292.88,292.75,292.75,292.93,292.5,293.0,293.11,292.96,292.46,293.53,293.33,292.0,292.33,292.43,292.63,292.41,292.55,291.96,292.83,293.75,292.68,293.23,292.93,293.25,292.73,293.56,292.38,292.83,292.88,292.66,292.6,292.55,292.98,292.96,293.16,293.05,293.88,293.5,293.21,294.08,293.38,293.36,293.38,293.78,292.55,292.46,292.33,292.86,293.18,293.23,293.43,293.61,293.71,293.38,292.58,292.78,293.18,293.38,293.55,293.78,294.03,293.28,293.78,293.13,292.71,292.73,292.9,292.91,293.43,293.66,293.61,293.63,293.15,292.86,293.28,293.41,292.88,293.33,293.08,292.68,292.86,293.18,292.83,293.58,292.93,293.18,294.16,293.48,293.85,293.48,293.3,293.33,293.63,292.93,292.56,292.98,293.48,293.78,293.83,293.55,294.21,293.75,294.25,295.21,294.21,293.33,292.75,292.11,293.0,293.3,294.66,294.43,294.08,294.21,294.38,295.88,294.8,295.18,295.55,294.61,294.23,294.61,294.53,295.08,295.11,294.83,294.23,294.86,294.48,294.66,294.68,295.48,294.41,295.16,294.98,295.78,295.61,294.5,295.18,293.96,295.66
295.61,294.21,292.5,292.55,292.05,291.81,292.33,292.63,292.3,292.46,293.55,295.11,294.96,296.48,296.48,294.73,293.75,293.73,292.8,293.65,293.36,293.75,294.93,295.88,297.46,296.41,296.23,296.23,297.46,297.61,297.8,297.9,296.71,295.61,295.68,293.98,293.86,293.53,293.43,292.71,292.11,291.83,293.73,297.53,297.11,297.18,297.41,298.48,298.23,297.71,298.58,296.88,296.55,298.43,298.25,299.0,299.15,298.93,297.55,298.11,298.88,299.15,299.18,296.41,296.05,296.43,298.93,297.06,295.38,295.63,297.0,294.68,294.91,295.16,294.78,294.0,292.28,293.5,297.05,297.96,294.71,293.83,292.83,293.46,293.03,293.68,294.0,294.11,294.46,295.33,294.25,294.43,294.4,293.83,293.73,293.73,293.96,294.3,293.88,293.28,293.66,293.63,293.86,293.9,295.21,294.71,295.88,295.98,296.11,296.46,297.23,296.16,295.36,295.5,295.23,296.18,296.11,296.43,295.3,295.5,295.93,296.38,296.5,295.96,294.25,294.33,294.61,295.13,294.86,293.98,293.98,293.96,293.48,294.0,294.68,294.78,294.81,294.71,294.5,293.86,294.53,295.03,295.81,296.33,296.18,297.3,296.08,295.73,296.28,295.35,295.33,296.48,295.98,295.83,296.23,296.05,296.06,296.98,296.1,296.98,296.48,295.0,295.46,295.48,295.5,295.83,295.75,294.75,293.66,293.25,293.53,294.71,294.75,296.28,295.33,294.46,296.3,293.98,293.78,294.0,294.23,293.05,293.38,294.43,293.0,293.48,293.55,292.96,292.75,292.36,293.0,292.23,292.28,292.71,291.58,291.43,291.96,292.75,292.83,292.78,293.05,292.35,291.73,292.61,293.11,292.91,293.28,293.73,293.86,293.23,293.08,293.21,293.13,293.08,293.88,295.08,292.3,292.46,291.68,292.5,292.33,292.83,292.11,292.61,291.63,292.61,292.93,292.83,293.0,292.25,291.83,292.53,292.4,292.43,292.68,292.4,292.83,292.66,292.8,292.96,293.33,293.78,293.53,293.78,293.28,293.63,293.28,292.9,293.86,292.96,292.91,292.91,292.93,292.65,293.08,293.86,293.43,293.11,291.98,293.06,293.33,292.4,293.11,293.33,293.91,293.75,293.21,293.9,293.48,293.21,292.88,292.91,292.8,292.13,292.33,292.38,292.46,292.53,293.03,292.71,293.11,292.98,292.96,293.0,293.16,292.9,292.68,292.86,292.93,292.81,292.96,292.66,293.03,293.03,292.88,293.03,293.38,293.43,292.86,293.08,292.86,292.38,292.91,292.63,292.36,292.48,292.25,292.61,293.05,293.0,293.43,293.21,293.91,294.28,293.93,293.5,293.38,293.61,293.18,293.38,294.43,294.38,293.88,294.58,294.13,293.33,293.48,293.93,294.25,293.78,294.06,293.48,293.61,293.93,294.36,294.61,295.36,295.36,295.21,294.3,293.43,293.83,294.03,294.58,294.83,294.11,294.93,295.06,293.4,294.0,294.86,294.58,294.8,295.88,296.36,296.91,295.13,293.65,292.88,292.96,294.25,294.36,296.53,295.81,293.86
292.3,292.53,292.73,292.53,293.68,294.5,296.11,296.11,296.18,296.63,297.08,297.43,297.18,297.23,297.91,298.48,296.4,297.3,298.0,297.28,296.83,295.28,295.63,295.66,295.78,296.43,296.83,298.25,298.23,296.98,295.91,295.88,296.5,295.85,294.23,293.66,293.4,294.5,293.88,293.23,293.25,293.25,293.66,293.66,296.05,295.23,296.8,297.75,293.8,294.91,295.35,294.73,293.65,293.33,293.63,293.88,293.78,293.86,294.68,297.48,295.86,294.73,294.88,294.25,294.63,295.21,296.21,295.55,294.55,292.66,293.21,293.86,295.18,294.05,293.98,294.43,296.33,295.88,293.96,293.46,294.48,294.46,294.23,294.13,294.18,295.11,296.86,295.36,293.98,294.16,293.68,295.0,295.15,294.68,294.43,294.3,295.61,295.41,295.1,295.88,296.1,294.91,295.15,296.03,297.08,296.78,296.13,294.71,294.23,294.78,295.4,295.03,294.11,294.66,294.03,294.03,294.48,294.55,295.38,295.55,297.75,293.91,293.88,294.5,294.78,294.6,294.0,294.0,294.71,294.18,294.16,294.56,294.28,294.41,294.36,294.15,293.86,294.91,295.03,294.6,295.11,294.83,294.45,293.93,293.91,293.68,293.71,293.81,293.43,293.78,293.86,294.28,293.61,293.25,293.78,293.41,294.25,294.03,294.25,293.38,294.3,293.98,294.08,294.3,294.3,293.71,294.91,295.48,296.08,295.43,295.48,294.75,293.71,293.53,294.05,293.83,294.4,294.58,294.38,293.21,294.25,293.8,293.38,293.36,293.53,294.65,296.03,293.63,292.81,293.53,293.21,293.53,293.95,293.73,293.25,293.88,293.56,292.86,292.96,292.58,292.96,292.13,292.36,292.68,292.45,292.1,292.91,293.75,293.65,294.38,293.13,292.88,293.5,292.5,292.83,292.55,292.53,292.75,291.78,291.46,292.36,292.55,292.73,292.46,292.25,292.05,292.36,292.25,292.9,293.05,293.48,293.36,293.93,293.28,292.78,293.31,292.93,292.55,293.28,292.55,292.98,293.55,294.18,293.41,293.25,292.88,292.55,292.5,293.0,293.9,292.73,293.25,293.41,293.0,292.86,292.28,292.75,292.8,292.8,292.73,293.28,293.56,293.68,293.03,293.36,292.96,293.83,293.16,293.75,293.5,293.3,292.68,293.3,292.98,292.46,292.98,293.05,293.25,293.61,293.81,293.23,293.18,293.48,293.56,292.98,293.25,293.03,293.33,292.96,293.43,293.88,293.41,293.61,293.91,293.71,293.56,293.41,293.53,294.36,293.58,293.5,293.5,293.13,293.33,293.38,293.33,293.85,293.61,293.68,293.9,294.08,293.78,293.03,293.1,292.43,292.55,293.05,292.61,292.38,292.4,292.58,293.1,292.93,293.31,292.98,293.63,292.66,293.41,293.83,293.53,293.86,294.78,294.93,295.11,293.28,294.0,293.08,293.18,294.53,294.58,294.53,293.93,294.53,293.38,292.86,292.43,292.65,292.66,292.68,293.33,293.78,295.31,295.53,296.05,295.75,294.75,294.61,295.53,296.93,297.3,296.98,296.71,297.13,296.15,296.5
296.21,295.36,294.75,296.15,296.41,295.71,294.81,294.61,294.05,295.96,298.43,297.58,298.08,298.08,298.13,299.03,297.93,297.96,296.93,297.91,298.28,298.78,298.63,298.18,296.88,295.23,295.56,295.23,296.36,297.41,298.58,299.66,299.18,298.48,298.93,299.28,299.48,297.96,297.71,296.9,297.8,299.9,296.73,295.93,296.88,296.68,296.73,297.75,299.18,300.75,301.03,300.48,299.05,299.83,299.28,299.38,297.96,295.86,297.83,299.63,298.21,299.08,297.06,298.28,300.83,299.23,298.98,298.48,300.71,300.46,298.46,298.13,296.05,298.28,300.46,300.88,299.91,300.0,300.0,299.43,299.5,298.73,297.13,295.41,296.4,295.43,294.83,295.83,297.05,298.28,297.68,296.41,296.53,294.05,294.43,293.65,294.18,295.03,294.28,293.78,294.43,294.38,296.28,295.68,296.28,296.33,295.53,294.75,294.21,294.48,294.56,294.16,294.61,294.21,294.48,294.73,295.48,296.18,294.55,294.61,294.08,294.03,294.43,295.33,296.36,295.36,295.11,295.0,295.41,295.68,294.98,293.96,294.11,294.3,294.28,294.5,294.08,294.55,294.21,294.08,294.55,294.33,294.43,293.58,294.05,293.93,293.86,293.68,293.31,293.8,294.25,294.78,293.8,294.06,294.06,294.46,295.43,294.85,294.85,294.63,295.43,295.16,294.55,294.13,294.53,294.43,294.23,293.55,292.98,293.18,294.53,293.4,294.03,294.21,293.46,294.38,294.08,293.61,293.5,293.9,293.68,293.41,292.96,293.41,293.05,293.33,293.43,292.8,292.36,292.5,292.96,292.88,292.66,292.53,292.73,292.66,292.05,292.28,293.21,292.71,292.48,292.61,292.46,292.71,292.75,292.63,292.4,292.16,292.5,292.63,292.5,292.21,293.11,293.5,293.61,293.2,292.23,293.4,293.28,293.21,292.93,292.4,292.33,292.86,291.88,291.83,291.83,292.23,292.03,293.05,292.63,292.03,292.23,293.03,294.03,292.98,293.11,292.55,292.8,293.03,292.8,293.61,292.98,293.08,292.43,292.28,292.78,292.66,292.93,293.06,292.83,292.93,293.0,292.93,292.88,292.93,293.21,292.75,293.31,293.05,293.28,293.05,292.8,292.96,293.25,293.33,293.15,293.33,293.46,292.83,292.88,292.85,293.08,293.08,293.0,292.48,293.8,293.13,293.16,292.93,293.13,293.13,292.96,293.6,293.63,293.4,293.41,293.83,293.38,292.98,293.08,292.91,293.13,293.21,293.0,292.96,293.06,293.36,293.33,292.93,293.08,293.68,293.33,293.71,293.88,293.58,292.43,292.33,292.55,292.78,293.05,292.46,292.35,292.23,292.48,292.23,292.21,292.48,292.78,293.13,293.21,292.98,293.43,293.36,293.28,292.96,293.31,293.96,293.33,292.43,293.05,294.48,294.33,294.05,293.56,293.13,293.46,293.25,294.61,294.75,294.68,294.93,294.96,294.53,294.48,295.36,294.78,296.8,296.31,295.65,295.96,295.46,295.28,293.43,292.5,292.9,293.43,293.66,293.55,292.43,293.18,295.61,296.63,295.25,296.43
297.03,297.05,295.63,294.58,295.55,297.1,296.58,296.78,297.38,297.73,297.36,296.75,297.06,297.36,298.36,298.61,296.96,296.58,295.63,297.33,296.68,297.61,299.08,299.05,298.48,297.0,296.53,297.83,298.91,298.83,297.46,296.05,295.93,294.88,294.86,294.28,295.08,298.15,298.9,297.98,298.36,297.43,296.88,298.06,299.73,300.88,298.98,298.31,299.03,299.68,300.63,300.63,300.55,299.08,299.21,298.98,297.75,298.55,299.53,294.18,293.56,295.41,297.75,297.0,297.55,298.53,299.43,300.38,299.63,299.86,300.03,300.43,300.3,300.38,298.81,296.23,295.36,295.63,293.8,294.83,293.55,295.53,296.6,295.66,298.73,298.88,297.93,295.16,296.81,296.96,298.53,297.36,294.11,293.85,293.61,293.88,293.83,293.31,293.83,294.66,296.03,296.38,297.28,298.28,297.71,296.88,298.05,296.83,295.13,294.78,294.11,294.75,295.33,294.66,293.58,294.46,294.25,294.3,294.5,295.46,294.46,295.3,295.13,294.28,294.88,294.55,294.25,293.71,293.86,293.66,293.98,294.61,293.8,293.48,293.66,293.61,293.13,293.61,293.83,295.15,296.11,295.13,293.73,294.08,293.63,294.33,294.31,294.8,294.75,294.88,295.13,294.96,294.71,294.16,293.15,293.56,293.63,293.28,293.63,293.21,293.36,293.5,293.66,293.83,293.58,293.71,293.68,294.15,294.63,293.41,294.13,293.66,293.03,293.5,293.46,294.25,293.5,293.48,292.83,292.18,292.38,293.03,293.61,293.18,293.46,292.63,292.21,292.93,293.06,293.0,293.8,293.78,293.38,293.0,292.58,292.18,291.63,291.5,291.43,292.33,292.85,293.5,293.33,292.8,292.48,292.81,292.73,293.53,292.96,293.1,293.21,292.86,292.68,293.28,292.78,292.56,292.03,292.13,291.8,292.55,292.66,292.73,292.58,292.28,292.88,293.18,292.8,292.36,292.56,293.18,293.25,292.46,292.38,293.33,293.71,293.0,293.08,293.61,292.08,292.78,292.78,292.46,292.61,293.0,292.61,293.23,292.9,292.33,293.38,293.21,292.96,292.63,292.93,292.48,292.43,292.58,292.78,292.46,293.0,292.43,291.96,292.28,292.8,292.91,293.03,292.5,292.5,292.28,292.66,292.86,293.08,292.96,293.28,293.91,293.23,292.85,293.08,292.58,292.93,293.28,292.91,293.38,292.28,293.08,293.23,293.2,293.13,293.31,293.11,293.21,293.5,293.43,292.98,292.9,292.98,293.15,293.11,292.68,292.73,292.68,292.46,292.98,292.96,292.78,293.03,292.93,292.43,293.13,292.68,292.55,292.83,293.96,292.55,293.73,293.6,293.36,293.0,292.58,292.85,292.43,293.55,293.55,293.73,293.81,293.88,293.71,294.41,294.73,294.43,294.25,294.46,294.38,293.8,293.75,293.48,293.75,294.11,293.61,292.68,292.96,293.21,293.28,294.03,292.96,293.05,292.61,294.53,294.73,294.96,296.13,294.71,294.38,293.93,293.48,293.91,295.03,294.73,294.46,293.16,293.83,294.41,295.33,295.36,295.43,295.88
296.48,297.0,296.91,297.18,297.23,297.13,297.11,296.13,295.25,295.65,295.08,295.03,293.8,294.13,296.23,295.98,293.98,293.58,292.98,294.25,294.88,295.43,295.83,295.8,294.36,295.58,295.0,296.61,296.96,296.86,297.43,296.53,296.53,295.61,295.28,297.13,296.71,296.03,296.25,295.56,295.93,295.55,295.08,298.36,298.23,296.86,298.28,299.43,300.0,299.78,298.53,299.21,296.38,296.13,295.93,297.5,300.93,299.8,297.33,297.8,298.65,298.75,299.33,296.78,297.91,298.25,297.11,295.83,295.5,297.06,296.18,296.83,298.5,298.83,298.98,297.5,297.48,296.68,294.36,293.53,293.03,293.48,294.18,294.18,294.68,296.33,294.48,293.21,296.11,299.05,297.46,296.16,296.81,296.33,296.75,297.55,296.98,298.31,296.5,292.91,294.03,295.11,293.7,293.23,293.8,293.63,293.58,294.83,296.0,296.61,296.05,296.0,294.83,293.68,294.13,294.83,295.81,295.33,293.66,294.33,294.2,294.5,294.93,295.33,294.5,293.91,294.83,295.05,295.96,296.81,295.36,293.86,293.91,294.3,295.03,295.6,294.11,293.5,293.46,294.91,295.03,293.93,294.48,294.58,294.63,293.43,293.13,293.58,294.0,294.28,293.48,293.78,293.31,293.43,293.98,294.41,293.55,292.43,293.93,294.15,294.46,293.86,293.25,293.41,293.13,293.6,294.43,294.85,294.66,293.5,294.11,294.91,294.61,294.58,294.15,293.78,292.65,293.83,294.11,294.93,294.35,294.53,294.41,294.03,295.06,295.86,295.46,294.86,294.75,294.83,294.68,293.06,293.33,293.38,293.43,293.5,293.71,294.75,293.8,294.18,293.18,292.96,292.36,293.5,293.3,294.73,295.88,294.65,294.43,294.73,295.33,293.81,293.83,293.03,293.96,294.03,293.25,292.73,293.13,293.18,293.3,293.38,292.6,292.58,292.78,292.36,292.3,293.1,294.68,295.13,294.56,293.48,293.13,293.15,292.38,291.98,292.48,293.11,292.88,291.58,292.96,292.23,293.63,293.03,292.21,292.71,292.9,293.35,293.33,293.88,293.46,294.0,294.08,293.48,294.63,294.91,293.48,292.73,293.11,292.86,293.15,293.0,293.9,293.36,293.13,293.53,292.58,293.23,293.5,294.21,294.03,292.98,292.85,292.5,292.65,293.55,293.58,293.78,293.98,294.03,294.23,293.93,293.71,294.21,293.98,293.66,294.55,292.93,293.48,293.98,293.23,292.91,293.58,293.73,294.03,294.11,294.8,294.36,294.03,294.16,294.8,294.73,294.63,293.61,293.28,292.78,293.18,293.3,293.73,293.21,293.33,293.23,292.96,292.71,292.9,293.61,294.36,294.41,294.38,293.66,293.83,293.75,294.13,294.21,294.28,293.98,294.11,294.53,295.31,295.23,295.38,295.41,294.61,294.41,294.48,295.18,295.53,295.61,296.16,295.91,295.75,294.71,292.55,293.36,293.88,294.98,296.43,294.95,295.63,296.13,295.63,294.3,296.18,297.13,297.0,296.86,296.08,296.46,296.86,297.28,296.93,296.28,296.5,297.18,297.11
297.08,297.38,298.43,298.18,296.91,298.13,298.4,298.28,296.46,294.73,296.41,297.78,296.46,296.33,297.75,296.63,296.88,299.06,297.81,297.78,298.53,298.63,297.61,297.5,297.91,297.48,298.08,298.25,298.86,298.18,297.28,295.71,295.93,296.41,297.21,298.18,298.0,298.05,298.8,299.46,297.53,295.23,293.96,295.46,297.43,295.93,297.08,299.23,297.08,297.03,299.63,298.68,298.86,299.08,297.58,298.46,297.58,295.68,297.13,298.75,296.71,294.63,294.18,293.41,293.68,294.63,295.38,296.16,294.61,294.18,293.03,294.3,294.63,294.46,294.48,295.3,295.73,297.46,299.16,298.91,298.48,297.08,295.3,296.55,294.35,293.18,294.38,296.06,298.35,298.68,298.63,299.13,298.06,296.25,295.71,293.36,294.0,295.68,296.93,296.3,295.5,295.83,294.18,293.36,293.68,294.18,294.21,293.91,293.48,294.08,293.61,293.68,294.58,294.78,294.23,293.93,294.38,294.78,294.86,294.86,293.63,293.83,294.0,294.38,293.3,293.43,293.13,293.66,293.85,295.18,294.61,294.5,295.61,295.08,294.96,295.43,295.48,295.4,296.18,295.75,295.03,296.18,295.81,295.11,293.55,293.75,293.68,293.46,293.75,293.3,293.31,293.5,294.16,294.55,294.38,295.93,296.71,294.3,294.41,293.5,293.38,293.38,293.23,293.18,292.88,293.03,292.98,293.23,293.73,292.96,292.9,293.48,293.18,292.83,293.03,292.83,293.68,293.75,294.03,293.16,293.91,292.98,293.33,292.25,292.3,292.61,293.11,292.38,292.28,293.18,293.48,293.38,293.5,292.83,292.71,292.5,293.03,293.0,292.91,293.06,293.21,292.75,292.3,292.93,292.8,293.18,292.5,292.78,293.05,293.13,292.83,292.88,292.71,292.25,292.25,292.48,292.16,292.55,292.73,293.08,292.75,292.41,292.5,292.18,292.53,293.25,293.18,294.0,293.25,292.98,292.8,292.73,293.0,293.05,292.98,291.96,293.38,292.78,292.28,293.16,292.55,292.46,292.43,292.23,292.36,292.71,291.93,292.58,292.53,293.08,293.23,292.71,292.3,292.61,292.46,292.78,292.78,292.86,293.23,293.13,292.86,293.13,293.78,292.9,292.63,292.73,292.48,292.71,292.8,292.86,293.13,293.16,293.28,293.63,293.93,293.13,292.96,292.86,292.33,292.28,292.71,293.13,293.28,293.11,293.53,293.46,293.03,292.63,292.43,292.71,293.36,293.98,293.43,293.03,292.68,292.73,292.68,293.15,292.96,293.15,293.16,292.83,293.13,293.11,292.8,292.48,292.43,292.53,292.46,292.96,292.98,293.36,293.36,293.35,293.13,292.75,293.1,292.63,292.66,293.53,294.0,293.15,293.36,293.41,293.71,293.63,293.88,293.58,292.8,293.28,293.16,293.28,293.61,293.08,293.23,292.98,292.8,292.83,292.88,291.78,292.4,292.05,292.25,292.63,293.5,293.93,294.4,295.13,294.4,294.13,294.93,295.55,295.65,296.03,294.83,294.48,295.55,295.3,296.16,296.38,296.78,296.13,296.55,297.15,296.48
296.15,297.25,297.28,298.88,297.71,297.15,296.55,296.41,297.0,296.58,296.68,297.33,296.61,296.36,296.25,298.46,297.93,297.58,297.25,297.63,298.08,297.91,298.16,297.8,298.78,298.91,297.78,298.08,298.03,297.83,297.83,297.63,298.68,299.3,297.78,298.25,299.5,296.0,295.56,295.83,297.5,295.18,293.41,292.73,294.23,295.38,294.23,295.03,295.78,297.91,298.63,299.25,300.11,299.15,297.03,295.15,295.13,296.98,298.71,296.15,293.58,293.15,294.48,296.06,295.68,296.38,295.23,295.71,297.83,297.65,296.28,295.81,295.21,296.46,297.98,299.06,299.71,300.16,298.48,297.91,297.9,294.28,294.36,294.56,293.96,293.86,294.33,293.83,294.13,294.48,294.9,296.71,295.83,296.78,294.63,294.21,293.63,294.28,296.61,296.75,296.53,297.5,296.16,296.46,295.06,295.68,297.21,298.73,296.13,294.98,295.66,295.83,295.68,295.58,294.66,294.23,293.96,294.78,295.23,294.4,294.43,294.28,294.35,294.08,294.0,294.75,294.13,294.53,294.05,294.0,294.43,295.36,294.88,294.03,294.28,294.33,294.23,294.96,294.31,294.98,295.71,295.48,295.96,296.08,294.46,293.25,293.58,293.8,293.46,294.03,293.48,294.46,294.43,293.93,294.93,293.58,293.8,293.55,293.86,294.3,294.13,294.0,294.83,295.36,295.18,294.93,294.78,293.83,293.8,294.23,294.05,294.15,293.8,293.75,294.0,294.1,294.05,294.13,293.8,293.13,293.71,293.33,293.43,293.11,293.43,293.28,293.11,293.6,293.05,293.05,292.75,293.61,293.46,293.13,293.05,292.55,292.83,293.16,293.08,292.43,292.78,292.71,293.13,293.05,293.86,292.71,293.66,292.61,292.96,293.08,293.23,292.91,292.83,292.5,292.86,291.91,292.48,292.55,292.11,292.63,292.61,292.5,292.21,293.21,292.75,293.11,292.16,292.61,292.21,292.65,292.93,293.05,293.68,292.96,293.11,293.3,293.0,293.36,292.73,292.83,292.9,293.33,292.63,292.78,293.38,293.33,292.98,292.68,293.66,292.73,292.53,293.28,292.03,293.13,292.78,292.36,292.55,292.8,292.56,292.71,293.03,292.68,292.96,292.96,293.36,293.23,293.05,293.31,293.0,293.66,293.15,293.73,292.73,293.05,292.78,293.03,292.53,292.53,292.28,292.63,293.33,293.38,293.41,293.48,293.38,293.78,293.65,293.53,293.98,293.41,292.88,292.73,293.06,293.53,293.48,293.28,293.05,293.11,292.88,293.48,293.13,293.8,293.03,293.5,292.83,292.38,293.33,293.0,293.03,293.06,293.05,292.83,293.75,293.63,294.05,294.68,294.33,293.53,293.3,293.78,293.78,294.36,293.96,293.71,294.18,294.11,293.61,294.28,295.18,294.75,295.63,294.78,294.25,294.5,295.08,295.58,295.06,294.88,294.53,296.23,296.63,296.4,295.73,294.88,296.11,296.03,295.73,295.91,296.28,296.83,296.03,295.31,295.21,295.16,296.58,296.28,296.78,294.9,295.85,294.53,292.93,294.13,294.5,295.86,296.23
297.48,296.75,297.28,297.48,296.46,294.36,292.88,293.88,298.3,297.43,296.03,293.38,294.06,296.93,294.5,296.38,297.25,298.16,297.63,297.83,298.08,299.18,298.66,298.05,298.11,297.28,295.46,295.96,296.46,297.11,297.05,297.5,298.68,299.5,299.11,296.61,298.63,298.5,299.3,296.33,297.35,296.36,295.61,294.8,297.23,298.71,298.53,296.13,294.91,295.8,298.11,298.85,298.68,298.4,295.33,295.83,296.93,299.28,297.5,297.11,297.61,299.48,299.11,298.21,296.65,294.48,296.25,296.0,296.78,298.28,297.46,297.61,295.48,294.21,295.5,295.68,294.18,292.88,293.38,293.73,294.68,293.93,293.35,294.3,294.98,294.91,295.83,296.65,297.38,296.66,293.61,294.08,294.71,295.71,296.18,293.88,294.16,293.3,295.61,295.36,294.0,294.41,294.68,294.86,294.08,293.36,293.58,293.5,293.55,293.58,293.43,293.9,295.13,296.16,296.23,295.23,293.21,293.68,294.68,295.36,295.06,295.25,296.3,296.61,296.5,296.73,296.61,297.21,296.75,296.75,296.38,298.03,297.61,296.16,296.88,296.98,296.75,295.91,295.68,296.3,295.96,296.33,296.33,296.53,296.86,297.08,296.3,295.38,295.63,293.98,293.46,292.63,292.63,293.23,293.11,293.43,294.1,295.23,293.78,293.53,293.46,293.71,293.68,293.78,293.13,293.8,294.75,294.18,294.75,294.83,295.18,294.83,294.86,295.13,295.91,295.58,293.83,293.78,293.73,294.88,296.06,295.55,295.43,294.98,293.28,292.21,293.15,293.21,292.78,293.8,293.73,293.48,293.11,293.38,292.58,292.93,292.43,292.53,292.58,291.96,292.5,292.55,292.58,293.75,294.13,294.75,295.25,295.21,295.58,293.38,294.03,293.3,293.23,293.88,293.48,293.83,293.71,293.33,293.05,293.78,294.38,294.33,295.9,294.53,293.0,293.13,292.53,292.83,293.25,292.21,292.23,292.66,293.05,293.11,292.96,292.13,292.78,292.73,292.18,292.41,292.88,292.91,292.78,293.48,293.23,293.33,292.63,292.83,292.71,293.06,293.88,293.8,293.33,292.63,292.36,292.73,293.8,293.93,293.71,292.86,293.48,292.61,293.16,293.08,293.05,293.0,293.71,293.03,292.58,292.1,292.93,292.83,292.5,292.21,292.83,293.08,293.35,293.85,293.28,293.63,293.21,292.43,292.71,292.86,292.83,293.53,293.56,292.68,293.23,293.0,292.71,292.83,292.61,293.43,293.38,293.53,293.06,293.28,293.08,292.63,292.23,292.63,292.5,293.05,292.8,293.11,293.28,292.86,292.91,292.93,293.38,293.61,293.83,293.53,293.55,294.23,294.11,293.93,294.0,293.68,294.38,294.61,295.11,294.43,293.38,293.13,293.11,293.28,293.33,293.21,293.21,293.36,292.88,293.68,295.0,295.5,295.36,295.65,295.66,296.11,296.25,294.88,295.68,295.48,295.36,295.63,296.11,296.23,296.28,295.91,296.55,296.38,295.93,296.08,296.41,297.0,296.78,297.03,297.08,296.28,296.83,297.25,296.6,296.75,296.61
296.6,296.97,297.57,297.55,297.85,297.9,297.89,297.72,297.89,297.12,298.32,298.25,297.12,297.75,298.32,298.8,298.95,297.57,297.27,297.67,297.45,298.32,298.4,297.07,298.3,298.07,298.97,299.1,298.75,298.92,296.45,298.57,299.7,298.35,298.65,298.7,298.87,299.05,298.42,298.7,298.92,299.02,299.24,298.95,299.05,300.0,299.57,299.47,299.45,299.5,299.87,299.52,300.32,299.37,299.75,300.35,299.7,298.67,300.5,300.49,300.37,299.62,299.39,299.65,299.5,300.6,301.4,301.0,301.77,301.12,298.55,299.67,298.17,298.82,295.87,295.99,298.42,296.8,299.55,300.87,301.3,298.35,298.65,296.5,294.9,295.0,294.45,294.52,294.3,293.95,293.77,293.5,294.57,294.35,293.85,293.64,293.39,293.67,293.92,294.05,295.6,296.3,295.3,294.95,296.89,297.49,298.27,298.02,293.35,293.87,294.57,294.85,295.27,294.94,294.2,293.82,294.27,295.05,293.87,293.64,293.97,293.79,293.85,293.72,293.62,294.22,294.97,294.87,294.47,294.62,294.5,294.04,293.92,294.2,293.99,293.85,294.1,293.67,294.62,295.35,294.75,294.67,295.37,294.85,295.87,295.92,296.77,296.35,296.67,294.6,293.95,294.92,295.82,295.7,295.6,296.25,294.72,295.27,296.07,295.05,294.77,295.4,294.55,294.27,293.62,293.77,294.4,293.75,293.52,293.52,294.45,294.07,293.77,294.2,294.52,294.55,295.89,294.52,293.35,294.07,293.65,292.92,293.05,292.8,293.85,292.64,293.27,293.5,293.45,293.4,292.92,292.65,293.12,292.75,292.6,293.12,293.27,294.47,294.07,293.62,293.37,293.3,294.49,293.15,293.95,294.2,294.2,294.24,294.25,294.42,294.6,294.82,293.05,293.02,293.95,293.77,292.62,293.35,293.95,294.39,293.64,293.57,293.25,292.72,293.02,293.47,294.0,293.67,292.45,292.45,292.82,293.07,293.05,292.97,293.99,293.35,293.22,292.57,293.65,292.87,294.17,293.45,293.65,294.17,293.8,293.49,294.75,294.47,294.7,294.7,293.77,294.52,294.0,294.75,293.99,293.57,293.55,294.57,294.14,294.27,295.14,294.52,293.55,294.45,295.49,295.37,294.85,294.52,294.67,294.72,293.95,294.12,294.02,293.49,294.0,294.45,294.42,294.2,293.95,293.6,293.5,294.82,294.2,294.02,294.05,294.32,294.05,294.7,294.1,294.72,294.07,294.17,293.65,293.47,293.07,293.6,294.17,294.14,294.0,294.1,293.8,293.6,293.92,295.19,295.5,294.67,293.87,293.82,294.05,293.67,294.67,294.55,293.67,293.42,294.19,293.82,294.0,293.89,293.77,294.0,294.42,294.55,294.15,293.97,293.82,293.95,294.52,294.62,294.95,295.05,295.19,294.65,294.7,294.45,294.0,294.87,294.49,294.12,294.8,293.92,294.12,294.22,293.64,294.02,294.55,293.62,293.7,293.6,295.3,294.62,294.32,293.87,294.05,294.7,295.35,295.05,295.0,294.4,294.6,294.55,294.45,293.85,294.95,295.32,295.72
296.07,295.52,295.6,295.6,294.45,294.95,296.05,296.74,297.17,296.65,295.92,295.55,293.57,293.35,295.65,295.05,294.47,294.14,294.35,294.5,294.77,296.47,298.5,298.7,298.82,299.1,298.62,297.65,296.55,296.89,295.92,296.85,300.75,300.67,299.77,300.5,299.74,298.7,298.1,297.17,294.9,293.37,296.42,297.02,297.35,298.82,298.65,295.37,295.7,298.0,298.92,297.72,296.75,297.77,298.85,299.9,298.27,297.65,299.72,299.57,299.35,297.52,297.92,298.97,297.42,297.24,297.8,298.77,299.6,300.25,300.8,300.69,300.67,300.12,298.92,298.32,297.25,298.85,295.47,297.17,297.2,299.12,298.3,295.72,295.47,294.67,296.25,295.82,297.57,297.42,299.2,298.6,297.57,294.89,296.37,297.15,295.45,295.4,296.82,297.0,295.67,296.05,296.35,297.5,297.6,296.92,296.17,297.57,297.67,297.6,296.95,298.1,298.1,297.39,296.5,297.57,297.67,298.74,298.35,297.72,297.89,298.02,296.15,296.77,297.07,296.39,296.05,296.24,295.35,294.6,295.4,294.69,295.22,294.62,294.95,295.55,296.52,296.22,296.92,296.35,296.95,297.67,297.67,297.42,295.92,295.52,295.3,296.12,296.07,296.7,297.45,297.12,296.57,296.95,297.2,295.97,293.75,293.57,294.05,294.42,294.2,294.05,294.89,295.65,295.97,295.39,296.37,296.14,296.3,295.87,296.72,297.4,297.75,296.6,296.87,296.95,296.22,296.32,296.57,294.47,293.25,294.67,295.85,294.6,294.22,295.65,295.55,296.2,296.75,295.42,296.67,297.0,295.2,294.82,294.45,294.77,293.97,293.2,293.65,293.2,293.22,292.22,293.3,296.42,296.95,295.1,293.7,293.22,292.8,292.97,292.82,292.32,292.5,292.55,292.85,292.82,293.54,293.55,293.02,293.15,293.27,294.5,293.99,292.92,292.25,292.02,292.57,293.45,293.24,293.07,293.12,293.24,292.27,292.47,292.92,293.55,292.92,293.32,293.1,293.29,293.82,293.67,293.2,292.55,293.24,293.39,292.85,293.75,292.87,292.87,293.15,293.49,293.22,293.37,292.92,292.87,293.82,293.85,292.52,293.22,293.6,293.9,293.17,293.27,293.62,294.2,293.14,292.17,292.42,293.17,293.17,293.6,293.99,292.7,293.3,293.85,294.12,292.72,293.6,294.22,294.25,293.72,293.72,292.6,293.32,294.14,293.14,294.2,294.52,294.39,293.87,293.65,293.35,293.85,294.32,293.82,293.22,293.1,293.15,293.55,293.95,293.35,293.8,293.72,294.2,293.77,293.22,293.42,294.22,294.52,294.17,293.85,294.57,293.62,293.35,293.52,293.22,293.32,293.97,294.62,294.64,294.07,293.37,293.7,294.24,294.77,296.12,296.37,295.57,295.15,295.1,294.7,294.8,295.87,295.2,294.49,294.37,295.62,295.77,296.15,296.1,295.87,296.17,296.82,296.55,297.25,296.6,295.79,296.39,297.65,297.7,296.8,296.37,294.97,294.35,294.47,295.82,295.3,296.85,295.95,296.8,297.52,297.42,297.24,297.25
298.52,298.7,296.55,295.15,295.92,295.87,296.47,296.22,294.64,295.72,295.6,296.72,296.52,297.22,294.67,296.14,295.75,295.97,295.02,295.79,296.92,294.7,294.87,295.05,296.35,298.55,297.57,298.3,298.55,299.25,299.12,298.52,298.99,297.8,297.8,298.47,299.72,299.95,299.15,298.65,299.14,300.02,301.72,301.0,299.72,299.7,299.4,300.27,299.37,299.12,299.72,300.87,299.75,299.2,300.74,298.02,294.32,294.77,297.77,294.95,294.87,293.9,296.25,299.47,299.42,296.67,294.42,295.32,297.15,298.24,299.57,299.45,296.17,294.35,296.27,297.02,295.62,297.47,294.67,296.27,299.87,301.2,301.02,300.62,299.27,298.17,297.1,293.97,294.6,293.52,294.62,294.7,294.99,294.35,295.55,294.39,293.77,296.72,296.7,294.82,295.7,297.05,297.42,297.2,297.27,297.35,297.42,297.92,298.7,298.42,298.6,298.6,298.47,297.55,295.6,295.0,296.24,295.8,294.15,293.87,293.87,294.12,295.5,296.6,294.89,293.92,293.35,293.77,294.55,295.12,295.95,295.64,295.1,293.67,293.3,293.57,293.65,293.1,294.05,294.89,294.29,295.45,295.79,296.07,296.0,296.97,296.92,295.8,295.24,295.1,295.24,295.2,295.17,295.35,295.85,295.52,294.55,294.55,294.72,295.37,297.25,296.12,296.2,296.52,294.87,294.89,297.15,297.2,297.35,297.64,294.74,295.74,294.9,296.5,295.57,295.52,294.35,293.1,293.65,293.3,292.85,293.52,294.89,294.75,294.27,292.9,294.05,295.17,294.67,292.2,291.47,291.39,292.15,291.99,292.64,293.2,293.07,293.17,293.07,293.55,293.1,292.57,292.72,293.07,292.7,292.8,293.97,292.92,294.02,292.95,293.39,293.12,293.35,292.3,292.72,293.47,292.8,293.0,293.07,292.72,292.82,292.32,292.57,292.95,292.95,293.12,293.12,293.2,293.12,293.02,293.55,294.17,293.62,292.6,292.37,292.77,292.8,292.8,293.35,292.55,292.07,292.25,292.97,292.82,292.85,292.9,293.42,292.67,293.15,293.22,292.07,292.62,293.22,294.49,293.62,293.27,293.02,292.32,293.0,293.55,292.87,293.02,293.12,292.97,293.32,292.82,292.39,292.4,292.4,292.89,293.22,294.2,293.77,293.1,292.6,293.2,292.55,292.92,292.8,292.87,292.85,292.5,292.67,292.65,293.07,292.67,292.37,292.6,292.12,292.57,293.12,292.9,293.24,293.45,292.77,293.5,293.27,293.27,294.15,294.57,294.15,294.4,293.77,292.52,292.74,293.2,293.5,293.37,293.85,293.67,294.02,294.27,294.4,294.12,293.4,292.87,292.8,293.27,293.15,293.3,293.07,292.82,292.39,293.14,292.9,293.2,292.82,292.42,292.57,292.2,292.8,293.2,293.67,293.72,292.45,292.37,292.72,293.97,293.87,294.05,294.52,294.35,294.17,293.12,292.94,293.17,294.32,295.42,293.62,293.47,294.05,295.5,294.55,294.7,294.95,295.62,295.05,295.37,295.87,295.57,296.27,295.07,295.22,295.47,295.07
296.85,297.02,296.77,297.2,295.85,295.95,295.85,296.24,295.87,295.55,297.0,296.6,297.05,297.22,295.75,296.35,296.65,298.52,298.72,298.12,297.97,298.25,298.55,298.17,298.22,298.67,298.12,298.47,298.55,297.74,298.65,298.37,298.72,298.47,298.12,298.52,299.6,298.27,296.95,299.02,299.12,299.75,299.82,300.35,299.52,300.02,299.72,300.05,299.22,299.15,299.82,299.52,299.4,300.35,301.82,299.24,295.7,298.37,299.27,296.35,298.8,300.62,300.32,299.6,301.12,300.27,298.87,299.75,300.22,300.95,301.87,301.47,301.39,300.22,300.89,300.35,299.99,299.75,300.7,300.57,300.72,299.85,298.15,298.57,297.8,297.87,298.27,297.77,298.55,299.55,300.52,299.7,297.27,296.12,294.5,293.99,296.67,297.7,296.47,296.45,297.4,298.65,298.77,298.42,298.72,299.25,299.72,299.47,298.35,297.35,297.57,294.82,295.37,297.17,295.37,294.72,295.7,296.27,296.4,297.82,298.17,297.97,297.52,297.02,296.85,297.52,296.82,297.2,297.87,297.45,298.67,298.82,298.05,296.4,297.05,296.42,296.65,297.47,297.27,297.07,296.57,297.02,297.49,296.64,295.85,295.32,297.17,297.5,296.74,297.57,297.17,296.52,296.6,296.42,296.4,296.42,296.89,295.42,295.57,295.6,296.5,297.3,297.72,297.7,295.45,295.17,296.52,295.2,295.1,294.95,295.85,296.65,296.22,296.05,293.6,293.3,294.02,295.27,295.35,296.27,296.77,296.6,296.35,295.57,294.85,294.75,295.69,295.85,296.0,297.95,296.77,295.85,294.17,295.64,295.3,296.52,295.55,296.75,296.72,297.35,296.2,294.77,294.97,295.02,294.77,294.39,294.02,292.15,293.2,292.37,293.45,294.22,293.72,293.02,293.55,293.45,292.24,291.97,291.77,292.42,292.97,292.49,292.12,292.64,292.6,292.35,291.82,292.15,291.87,291.8,292.37,292.97,293.17,292.45,292.77,292.52,292.7,293.05,293.37,293.3,293.57,294.17,294.72,295.62,296.25,295.62,294.3,294.7,295.14,294.15,293.77,293.39,293.47,293.57,293.47,292.57,293.85,294.39,294.77,293.45,293.89,293.75,293.87,294.12,293.55,292.9,293.0,292.97,293.1,292.9,292.62,293.37,292.92,293.22,293.1,293.12,292.87,292.32,292.77,293.17,292.95,292.37,292.32,293.2,293.55,293.7,294.6,294.44,293.02,293.02,293.2,293.67,294.47,292.8,292.55,292.77,292.77,293.72,293.07,293.32,293.37,293.6,293.17,293.02,293.37,293.22,293.97,294.37,294.8,294.2,293.92,293.89,294.27,295.15,295.82,294.89,294.74,294.7,295.05,293.37,293.95,294.25,295.37,295.02,295.17,294.07,293.77,293.92,294.52,294.7,294.02,294.27,295.32,294.37,294.65,294.52,294.6,294.17,294.7,294.32,295.24,293.4,293.52,293.2,294.55,296.17,295.75,294.57,295.77,295.8,295.95,295.97,297.22,297.05,296.22,294.97,292.95,293.65,295.22,295.8,294.82,295.99,296.65,295.97,295.12
295.45,297.05,296.92,296.25,296.67,296.77,296.75,296.57,296.97,296.74,297.45,297.07,296.4,296.99,295.85,298.05,298.15,295.57,295.95,296.32,297.7,295.97,293.1,292.8,294.74,296.25,297.2,297.17,296.82,297.14,298.7,298.6,296.82,297.74,298.99,299.24,296.52,295.65,295.7,294.77,295.74,295.7,295.75,295.35,296.42,299.55,299.22,299.42,299.57,299.55,298.95,299.17,297.22,297.92,298.67,300.35,301.22,301.35,299.32,299.45,300.02,300.55,300.25,299.45,299.67,298.1,295.02,295.75,297.57,296.52,296.64,298.62,297.75,298.67,300.25,299.77,297.75,296.62,296.99,294.07,292.97,295.65,297.8,294.92,294.12,294.52,295.72,297.24,298.27,297.22,296.82,296.3,297.17,296.97,294.32,294.47,296.0,295.17,295.85,297.02,297.3,297.6,298.14,297.77,297.77,294.92,297.07,298.02,298.67,296.6,295.37,295.3,294.82,295.37,294.67,295.02,294.72,296.69,296.52,294.72,295.35,295.05,295.24,295.87,296.07,295.52,296.02,296.6,296.8,296.62,296.55,296.42,296.17,295.5,294.62,295.02,294.65,294.6,295.42,296.24,294.72,294.72,294.37,294.25,295.15,294.95,294.77,294.22,293.67,294.65,294.07,295.15,294.45,293.57,294.37,296.05,294.07,293.32,293.47,293.17,293.0,293.07,293.82,293.6,293.87,293.57,293.42,293.97,293.87,293.82,294.32,294.15,294.55,293.87,292.32,294.2,294.55,293.75,293.8,293.7,292.97,292.7,293.3,293.3,293.1,294.02,294.6,293.6,293.45,294.49,292.49,292.95,293.42,293.35,292.39,292.25,292.52,292.52,292.12,292.77,293.29,292.85,292.92,292.8,291.92,292.25,292.8,292.12,291.92,292.49,292.22,292.45,292.57,292.02,291.55,292.32,292.89,292.82,292.9,293.05,293.27,292.95,292.8,293.4,293.42,293.47,293.42,293.7,292.92,293.27,293.55,292.89,292.7,292.92,293.22,293.72,293.39,293.55,293.24,292.6,293.32,293.2,293.35,293.27,293.35,293.75,293.6,293.6,293.64,294.02,293.55,293.07,292.7,291.72,292.82,292.62,292.72,293.37,293.35,293.49,292.92,292.64,293.05,294.1,292.35,293.12,293.85,293.22,292.87,293.62,293.8,293.8,293.5,293.32,293.32,293.92,293.05,293.0,293.57,293.4,293.35,293.37,292.95,293.0,293.17,293.35,293.7,293.45,293.37,294.0,293.92,293.27,293.42,293.57,293.94,293.82,294.1,294.62,293.47,293.5,294.2,294.1,293.89,293.55,293.64,293.5,293.87,293.49,293.15,293.25,293.14,294.1,293.17,293.6,293.72,293.8,294.22,294.47,293.85,293.15,294.1,294.37,293.82,293.02,293.47,294.02,294.02,294.97,294.52,294.7,294.52,294.52,295.05,295.4,294.37,295.1,294.89,294.5,295.85,295.37,295.67,294.8,292.89,294.35,294.95,295.55,294.57,295.05,295.49,296.52,297.12,297.49,297.12,296.65,297.6,295.7,295.74,295.5,297.32,298.42,298.75,297.67,297.42,297.2,297.82
298.07,298.38,297.38,297.3,298.2,297.25,297.93,298.13,298.17,298.18,296.95,295.5,295.25,296.62,294.85,295.65,296.6,297.0,298.18,298.22,298.65,298.65,298.12,299.13,298.45,299.75,298.37,298.9,298.3,299.55,298.7,299.3,298.03,297.87,298.88,300.17,300.25,299.63,299.72,300.68,299.1,298.25,297.25,296.28,297.45,301.05,299.12,297.13,299.1,300.35,300.45,298.75,300.62,301.02,299.77,298.88,299.95,300.72,298.1,297.9,297.95,298.3,297.5,295.82,297.15,295.28,296.68,298.3,294.8,295.52,296.98,299.47,299.47,299.82,297.72,295.4,294.58,294.38,295.72,296.55,296.0,297.68,298.43,297.28,297.18,297.5,297.05,294.1,293.93,296.2,298.95,296.93,299.22,296.75,294.27,298.15,298.55,298.75,299.15,299.25,296.43,296.32,295.75,296.57,297.33,297.93,295.55,294.1,294.47,293.65,294.73,295.03,294.62,295.72,297.45,297.3,297.63,296.53,294.7,295.0,294.68,294.0,294.1,295.37,295.13,295.0,294.12,295.43,295.93,294.93,294.75,294.13,294.72,295.68,295.75,296.78,297.72,296.8,295.53,295.8,296.57,296.63,296.2,297.0,296.82,297.45,297.25,296.38,296.03,296.52,296.78,297.02,296.88,296.7,295.03,296.85,293.1,293.6,293.93,294.47,295.9,294.75,294.63,293.8,293.38,293.4,293.5,293.8,293.32,292.7,294.0,293.4,293.27,292.95,293.37,293.52,293.72,294.82,293.82,293.65,295.15,295.88,294.55,294.9,295.0,294.87,295.32,295.95,297.15,297.65,296.93,296.53,294.6,293.85,294.07,294.95,295.68,296.2,295.45,295.78,294.68,294.72,294.75,295.7,295.3,292.45,292.05,292.2,292.02,293.07,293.75,293.3,293.32,292.93,293.07,292.6,292.6,292.45,292.6,292.35,292.72,292.8,293.12,293.1,292.2,293.05,291.93,292.57,292.47,293.35,293.0,293.68,293.38,293.0,293.35,293.62,292.9,292.4,292.55,292.72,294.0,292.9,292.75,292.37,293.18,293.53,293.8,293.7,293.87,292.75,292.93,292.95,293.3,293.65,293.32,292.88,292.55,292.55,292.57,293.48,292.62,293.47,292.55,293.45,292.65,293.6,293.35,293.0,292.85,293.05,292.93,293.45,293.2,293.65,293.35,293.05,292.47,293.47,292.43,292.82,292.65,293.02,293.4,293.32,292.93,293.2,293.32,293.07,293.18,293.15,293.28,293.07,293.2,293.27,293.02,293.27,292.9,292.78,293.0,293.43,293.97,293.03,292.6,293.72,293.05,292.97,293.65,293.65,294.0,294.22,293.53,292.98,292.6,293.25,294.4,293.47,293.82,293.68,293.43,293.15,293.97,293.27,293.82,294.25,294.65,294.0,294.47,295.9,294.2,294.32,294.5,293.32,293.8,294.0,294.8,294.85,293.1,294.35,294.7,295.1,295.5,294.55,294.68,296.02,296.18,295.27,296.22,294.8,294.12,294.82,296.02,294.83,295.38,294.8,295.72,296.22,295.28,295.62,295.68,295.22,296.35,296.07,295.63,296.37,295.62
295.0,295.47,296.25,295.6,296.02,297.05,297.57,296.93,297.87,298.9,298.03,298.4,296.75,296.9,297.35,298.52,298.88,297.35,294.4,295.2,296.38,297.9,298.95,297.72,298.72,298.82,298.55,295.45,295.32,298.35,300.28,299.43,299.07,299.82,299.42,298.52,300.28,301.35,301.27,298.72,298.05,298.1,296.9,298.2,298.78,300.47,300.82,300.3,300.33,301.25,301.1,300.38,298.9,299.9,301.5,301.32,300.55,296.1,298.0,301.32,301.77,301.15,300.07,300.65,301.22,300.28,299.57,297.55,296.93,296.2,294.65,293.9,297.28,301.15,300.88,301.87,301.5,301.62,298.37,294.97,294.45,297.57,299.2,300.05,299.95,298.45,295.95,294.8,294.47,296.25,296.65,298.25,300.87,301.1,298.38,298.22,299.45,299.82,300.55,298.93,299.0,298.28,297.93,296.22,296.72,296.8,297.95,297.55,295.5,294.8,294.95,295.82,295.68,296.37,297.68,297.07,295.75,294.2,295.07,294.97,295.28,294.88,295.45,296.25,296.3,294.8,295.57,295.5,294.5,294.8,296.15,295.47,296.08,294.12,293.97,293.75,294.15,296.47,295.82,295.57,296.77,296.45,296.68,297.05,297.3,296.93,297.77,297.07,297.28,296.65,295.63,295.15,296.45,296.5,294.45,293.95,294.0,294.18,294.7,294.38,294.33,294.15,293.83,295.15,294.57,294.43,293.85,295.85,293.05,293.87,293.6,293.2,293.78,293.32,292.7,292.45,292.88,294.1,292.9,293.03,293.07,292.32,292.0,292.07,292.73,292.62,292.55,293.72,293.28,292.25,293.52,293.4,294.7,294.1,293.02,293.13,294.47,294.55,293.18,292.32,292.45,292.68,292.4,292.05,292.28,292.78,293.15,293.47,293.0,293.22,293.18,292.78,292.5,292.4,292.45,292.35,292.78,293.05,292.41,292.83,292.58,292.58,292.33,292.35,293.75,293.43,293.23,293.38,292.65,292.85,292.98,292.73,292.78,292.85,293.18,292.95,292.55,293.45,293.1,292.95,293.3,292.75,293.0,293.03,291.98,292.23,292.23,292.23,292.88,293.7,293.7,292.95,292.9,293.35,294.08,293.55,292.66,292.4,292.6,292.4,292.6,293.7,293.45,294.0,293.28,292.7,293.43,293.48,292.78,293.43,293.05,293.13,293.98,293.88,293.25,293.1,293.66,293.5,293.63,293.35,293.68,294.5,294.25,293.58,293.1,293.8,294.1,293.58,293.6,293.48,293.98,294.13,293.38,293.35,293.63,292.8,292.83,293.58,294.3,294.23,294.63,293.73,293.18,292.88,293.08,293.43,293.53,293.9,293.18,292.93,293.23,293.1,293.33,293.25,293.45,293.1,293.25,293.55,293.95,293.7,293.68,294.1,294.43,293.95,293.75,294.48,293.78,293.68,294.33,294.63,294.75,294.73,294.4,294.03,293.73,293.6,293.68,293.5,294.18,294.58,294.55,294.65,294.18,293.58,295.16,296.25,297.23,296.46,296.38,296.8,296.75,297.0,296.8,296.96,295.68,296.75,296.75,296.38,296.18,296.66,297.63,297.23,296.5,295.1,296.3
297.46,297.93,298.33,298.15,298.46,298.21,298.53,298.53,299.46,298.03,297.83,298.5,298.9,298.53,297.98,298.93,298.9,298.63,299.28,300.43,297.03,294.68,297.13,293.85,295.75,298.7,301.03,297.8,294.53,297.18,301.03,298.66,296.3,296.53,296.53,296.85,297.71,297.28,297.9,299.38,300.18,299.16,299.83,300.05,299.98,300.46,298.93,297.18,296.18,297.3,299.53,299.05,299.0,300.56,299.21,300.0,298.85,300.68,301.71,296.38,297.9,300.15,299.96,299.98,299.28,299.1,301.15,301.28,300.68,299.93,299.46,300.78,300.96,301.33,301.28,300.65,301.6,301.43,301.83,301.48,301.85,302.3,300.78,300.66,301.96,301.78,302.08,301.25,301.0,298.08,297.58,296.3,296.25,293.73,294.0,295.38,297.1,298.65,295.35,294.03,293.6,294.85,295.65,295.96,297.53,297.18,295.25,294.33,294.25,294.31,295.73,295.15,296.9,295.83,294.46,294.43,294.38,294.13,293.68,293.88,294.31,292.95,293.7,294.18,295.33,296.48,297.46,296.25,296.16,297.18,295.71,295.08,295.13,295.46,296.93,297.6,296.66,296.46,296.85,297.16,296.6,297.33,295.43,296.83,296.48,296.06,294.98,293.83,293.48,293.78,293.33,294.23,295.43,294.88,293.25,292.88,293.43,293.75,294.15,294.71,294.83,294.98,295.41,296.08,295.03,294.83,295.83,295.78,295.5,295.53,295.46,294.08,294.03,294.43,294.75,293.53,294.6,295.4,294.38,294.13,294.58,294.83,295.48,295.25,296.21,297.38,295.48,295.43,293.65,293.35,292.88,293.0,293.65,294.08,293.93,293.18,293.58,294.13,293.58,292.93,292.91,294.65,293.65,292.28,292.08,292.83,292.73,292.53,292.06,292.38,293.38,293.03,292.65,292.53,292.6,293.45,292.75,292.7,292.22,293.4,292.6,292.82,293.47,293.15,292.28,292.32,292.25,293.12,293.15,293.27,292.45,292.35,293.1,293.82,293.03,293.18,293.02,293.43,292.22,292.95,293.3,294.28,293.57,292.9,292.9,293.0,293.23,293.1,293.68,293.87,293.18,292.65,293.25,293.82,294.05,293.05,292.88,293.05,293.05,292.53,293.25,293.4,293.83,293.25,292.82,292.68,293.02,292.93,293.5,294.75,293.93,292.72,292.77,293.4,292.83,293.1,293.75,293.82,294.1,294.85,293.98,293.15,293.5,293.35,293.52,293.45,293.27,294.05,293.75,293.93,293.85,293.68,293.37,293.52,293.75,293.1,293.8,294.32,293.88,293.47,293.45,293.25,293.63,293.68,293.2,293.38,293.85,293.68,293.23,292.83,293.22,293.25,293.77,293.82,294.03,294.0,294.38,293.78,293.78,294.0,293.97,293.3,293.58,293.72,293.53,293.4,293.43,293.32,293.05,293.4,292.55,293.18,294.0,294.0,294.57,294.4,293.9,294.85,295.22,294.1,294.13,294.97,295.57,295.95,296.05,295.23,295.22,296.25,296.57,295.53,295.78,296.55,295.73,295.78,293.3,293.88,293.38,294.35,295.55,296.9,296.88,296.95,296.62,297.53,295.37
294.85,296.03,296.13,295.9,296.7,297.5,296.9,296.4,296.88,296.68,297.77,297.63,297.15,295.72,296.87,297.45,297.43,297.6,298.15,298.93,299.4,299.05,299.15,298.95,299.4,300.22,299.88,298.35,298.8,300.43,298.2,297.37,297.47,297.82,298.05,298.93,298.43,299.88,297.87,297.18,298.75,298.5,298.97,299.47,300.45,300.57,300.5,301.18,301.6,301.12,301.4,299.95,299.6,301.28,301.72,302.77,301.62,300.0,299.9,300.82,300.7,301.0,299.82,299.8,301.25,299.85,301.5,301.72,301.1,301.32,299.75,301.15,299.82,299.22,296.28,296.5,297.22,295.78,293.78,294.57,294.57,296.4,297.65,296.52,296.0,295.02,295.7,297.68,298.82,301.0,300.07,300.8,300.87,300.88,298.65,297.18,296.92,296.15,296.6,298.02,299.85,299.07,299.47,299.3,299.6,299.35,300.07,299.78,299.08,298.9,298.38,299.18,299.33,298.83,298.25,298.53,298.48,294.96,294.6,294.63,294.75,295.46,295.73,294.46,294.33,294.83,295.71,294.38,295.6,295.38,295.71,296.06,297.18,295.5,294.83,296.33,297.38,297.58,297.71,298.03,298.25,295.58,296.25,295.9,294.35,293.78,294.38,293.6,292.88,293.7,294.73,296.23,296.63,296.4,297.18,297.35,296.71,293.93,293.95,293.38,294.53,294.13,293.93,293.43,294.58,295.53,295.53,295.71,293.28,293.33,293.38,293.58,293.25,292.95,293.38,294.55,295.65,294.0,293.8,292.48,293.2,294.56,295.03,293.55,293.23,293.0,292.81,293.6,293.9,293.13,292.86,292.18,292.3,293.43,295.88,297.4,295.78,293.0,293.16,293.73,293.7,294.16,294.5,294.31,294.15,294.5,295.13,295.58,295.41,293.91,294.58,293.53,293.75,294.03,293.88,294.2,293.3,293.48,294.15,293.03,292.6,294.53,294.78,293.9,294.53,293.6,293.08,293.78,293.75,293.23,293.13,292.78,292.6,293.23,294.25,293.45,293.63,293.25,293.68,293.35,292.95,293.3,293.78,293.7,293.75,294.23,292.7,292.73,294.48,295.1,294.08,294.05,294.15,293.38,293.68,293.83,294.35,294.1,294.7,294.0,293.7,294.3,293.68,294.28,294.85,294.03,294.38,294.68,294.43,292.7,293.23,294.2,293.78,293.18,293.48,294.85,293.68,293.33,293.18,292.8,293.13,293.45,293.6,293.8,293.48,294.18,294.5,293.91,293.8,293.03,293.73,293.3,293.3,293.53,294.33,293.78,294.43,293.68,292.95,293.38,293.38,293.73,293.4,293.28,293.4,293.65,293.7,293.95,293.53,294.55,294.8,294.03,294.78,294.2,293.83,294.08,293.56,293.85,295.38,295.03,295.63,294.78,295.46,295.7,295.73,295.15,295.03,294.45,294.78,295.08,294.33,295.46,295.53,296.3,296.66,296.55,296.21,295.5,296.4,296.28,296.88,295.96,296.8,296.35,296.9,297.35,297.08,296.13,295.6,295.38,295.83,296.25,296.18,296.35,296.88,297.63,297.63,297.85,296.68,297.75,298.6,298.13,297.63,297.8,297.83
297.65,297.57,297.68,298.5,298.3,297.93,298.53,298.53,297.68,296.68,298.63,299.13,299.18,297.13,295.21,295.83,297.93,296.21,296.43,298.63,297.78,297.68,299.41,300.03,299.55,299.71,299.48,299.13,298.8,299.96,300.13,299.45,300.53,301.18,300.0,299.13,300.2,300.58,301.4,301.5,301.33,300.63,297.53,295.63,296.68,299.71,300.0,299.63,296.38,295.35,294.91,295.71,295.23,294.23,293.65,295.03,295.88,296.68,295.71,295.05,298.1,295.98,294.88,295.68,296.65,297.75,295.35,296.58,299.18,299.68,296.43,295.2,294.0,296.85,298.83,294.8,294.83,294.23,296.18,297.18,296.1,295.5,296.03,298.18,298.83,296.35,295.53,295.96,294.46,294.5,293.88,294.63,295.1,294.75,294.83,294.58,295.25,296.23,296.93,296.96,298.41,297.6,295.1,294.28,295.53,296.21,295.55,295.53,295.53,294.71,294.96,294.83,294.46,295.41,296.21,296.21,295.35,295.43,296.96,296.85,296.5,295.13,294.23,295.35,294.96,295.15,295.0,294.53,295.05,294.28,294.43,294.75,293.93,295.23,294.8,295.48,294.55,295.93,295.93,295.35,294.73,294.13,294.4,295.63,296.08,296.5,296.9,295.83,296.43,295.71,294.2,295.6,294.5,293.4,294.18,293.56,293.7,294.53,295.41,295.48,294.6,294.43,293.2,293.13,294.28,296.33,296.75,294.43,293.38,292.18,292.15,292.78,293.8,295.65,295.21,294.83,294.88,294.41,293.31,293.73,293.8,294.48,294.13,295.43,295.23,295.13,294.6,293.98,293.8,293.66,293.65,293.28,293.18,293.7,294.13,294.43,293.98,293.73,294.73,293.48,294.15,293.63,293.38,294.2,293.55,293.18,294.3,294.25,294.15,293.33,292.88,294.1,294.55,294.33,293.5,293.85,293.95,293.08,293.88,293.48,292.95,293.5,294.03,294.08,293.7,293.63,293.08,293.41,292.68,292.58,294.05,293.88,294.13,293.8,292.9,293.18,292.55,293.3,293.58,293.73,293.08,293.4,293.28,293.05,293.13,292.91,293.18,293.33,293.38,293.65,293.18,293.13,293.05,293.16,292.2,293.65,294.1,293.53,293.1,292.85,292.83,293.8,293.88,293.38,293.7,293.53,293.5,293.5,293.81,293.25,293.2,293.3,293.55,293.58,293.58,293.83,294.03,294.48,293.91,294.43,293.98,294.13,293.75,294.23,294.71,294.0,294.48,294.05,293.93,294.58,294.78,294.46,294.33,294.08,294.38,293.83,294.03,293.83,294.5,293.83,293.95,294.05,294.1,294.13,294.68,293.95,293.58,294.08,293.68,294.18,293.33,293.45,294.0,294.5,294.85,294.5,294.15,293.53,293.4,293.73,293.6,293.83,293.75,293.78,294.08,293.41,293.35,293.43,293.25,293.78,293.43,293.18,293.83,293.95,293.05,293.83,293.4,294.23,293.3,293.25,292.55,292.58,293.43,294.25,293.83,294.1,293.5,293.7,294.28,295.5,295.4,296.18,294.8,294.63,293.63,293.45,294.63,293.98,294.93,295.63,294.98,294.53,293.18,291.25,292.7
294.6,295.0,295.46,295.5,296.75,296.38,296.6,296.41,295.35,297.0,296.78,297.0,296.48,295.28,297.05,296.71,297.46,298.03,296.88,296.63,298.68,298.58,297.95,298.85,298.28,298.33,295.3,295.68,295.8,295.1,296.23,296.28,295.68,296.3,296.98,296.33,296.28,297.58,295.53,294.38,295.8,296.35,295.15,294.9,295.93,294.98,296.68,297.55,297.33,297.98,298.75,299.46,296.55,294.03,295.65,295.63,294.48,294.5,294.18,295.75,297.33,298.96,298.38,299.35,299.63,299.4,295.4,295.8,296.83,295.33,295.4,297.1,296.73,296.38,295.08,293.68,294.23,295.38,295.25,296.25,298.25,298.81,298.8,298.85,298.75,295.23,295.58,297.8,298.5,299.73,299.68,299.58,299.55,299.43,300.43,299.25,299.93,299.18,298.18,296.53,295.4,295.83,296.75,296.75,295.1,295.5,294.96,294.38,295.13,295.81,296.03,296.18,296.8,295.18,294.45,295.13,295.91,294.73,294.78,295.21,295.33,295.46,295.55,295.33,294.63,294.23,294.4,294.65,295.88,295.03,295.78,296.38,294.08,293.93,293.48,294.23,294.63,294.6,294.13,295.46,295.0,296.31,294.35,295.1,295.1,294.16,294.28,294.28,294.28,294.03,294.28,294.65,294.5,294.85,293.65,293.6,293.8,293.43,293.66,294.63,294.08,294.03,293.41,293.55,294.38,294.53,294.23,293.8,293.5,293.25,293.58,293.73,294.25,294.38,293.6,293.23,292.85,293.48,293.56,294.05,294.98,293.23,292.95,293.68,293.35,292.6,292.5,293.41,292.53,293.35,293.18,293.38,293.73,294.3,293.35,293.93,293.38,293.13,291.93,292.75,292.98,294.5,293.83,292.68,293.43,292.73,293.13,293.48,293.33,293.75,294.15,294.1,293.38,292.88,292.63,292.55,292.81,293.03,293.13,293.03,293.45,292.9,293.0,293.25,293.2,293.33,293.0,292.58,292.53,293.15,293.2,292.95,292.85,292.48,292.95,292.63,293.03,293.45,293.23,293.43,293.13,293.35,293.48,293.16,293.2,293.41,293.68,293.75,293.5,292.7,292.53,293.58,293.73,293.6,293.88,293.88,293.98,294.03,294.0,294.08,294.08,294.2,293.45,293.55,293.28,294.05,293.78,294.68,293.88,293.15,293.6,293.85,293.43,293.7,293.45,293.53,293.3,293.73,294.43,294.3,294.13,294.08,293.83,294.2,293.95,294.05,293.63,292.8,292.88,293.75,293.03,293.43,293.4,293.25,293.2,293.5,294.0,294.03,294.33,293.3,293.55,292.7,294.1,294.08,294.03,294.28,293.25,293.5,294.13,294.08,293.2,294.03,293.93,295.15,294.48,293.75,293.68,293.75,294.13,293.91,293.98,294.08,294.6,294.58,294.6,295.1,294.65,293.75,294.46,294.85,294.93,293.83,294.33,294.9,295.75,295.75,295.78,296.41,296.5,297.0,295.66,294.16,294.25,294.03,294.88,295.53,296.08,296.43,296.18,296.5,295.33,296.58,296.48,296.23,298.55,298.38,295.93,294.55,296.46,296.4,296.03,296.18,295.88,296.71,297.53
297.88,296.8,297.02,297.73,297.32,297.56,297.53,297.53,298.7,298.38,297.85,298.52,298.55,298.22,296.72,297.95,298.63,298.38,298.05,297.75,295.3,295.18,294.95,295.35,295.5,294.25,295.15,296.63,295.38,295.77,297.2,297.43,299.9,298.95,298.9,296.83,293.78,294.65,296.3,299.0,297.82,298.28,298.83,298.58,299.18,299.65,299.65,299.43,300.88,299.82,298.55,299.1,300.21,299.7,300.07,299.85,298.6,297.25,297.33,297.75,297.23,299.18,300.33,299.6,299.72,300.6,300.1,299.35,298.55,298.2,297.05,298.37,298.4,296.5,294.8,294.43,296.85,297.53,294.15,295.93,297.13,295.13,296.2,297.95,299.4,294.95,293.58,296.3,295.68,295.65,295.3,294.13,295.6,298.15,299.3,298.15,299.13,298.47,294.53,294.57,294.95,293.88,294.3,295.32,295.65,294.85,295.03,293.57,294.55,294.13,294.08,294.55,295.78,294.93,294.4,294.55,295.93,297.0,296.53,294.53,295.3,296.93,296.4,295.03,293.93,295.38,295.87,295.75,294.13,293.95,294.33,294.65,295.0,295.4,294.8,293.68,294.13,293.9,294.45,294.6,295.28,294.43,293.68,293.7,293.37,293.13,293.45,293.93,294.18,294.07,295.18,293.78,293.2,293.43,295.28,293.43,293.57,293.9,293.23,293.05,293.3,293.18,293.2,292.95,293.45,293.95,294.13,294.18,294.5,293.5,293.13,293.15,293.25,293.72,294.25,294.18,293.07,293.25,293.23,293.25,293.82,293.78,294.03,294.03,293.15,292.9,293.6,293.22,292.88,292.93,291.88,292.35,292.62,293.1,292.77,292.75,293.53,292.68,293.15,292.68,292.3,292.4,292.4,292.75,292.7,292.75,293.13,293.4,293.43,292.88,292.8,292.5,292.9,292.93,293.25,293.75,293.93,293.73,293.8,293.43,293.5,293.85,294.07,292.78,293.57,293.65,293.48,293.9,294.03,294.22,293.4,293.2,293.85,293.95,293.85,293.05,293.45,293.43,293.4,293.75,294.3,293.53,293.02,293.43,293.75,294.03,292.97,293.37,292.88,292.83,294.08,293.93,294.18,293.73,294.35,294.15,293.6,293.45,293.98,294.85,294.85,293.53,293.9,294.41,293.58,293.33,293.55,293.53,293.68,293.88,294.83,293.65,293.45,293.8,293.78,294.48,294.38,293.85,294.06,293.75,293.25,293.13,293.95,294.43,294.23,294.05,293.95,293.55,293.68,293.83,294.5,293.88,294.63,294.33,294.25,294.38,295.35,295.28,294.43,294.18,293.75,293.45,293.85,294.18,293.98,294.46,293.93,294.7,293.93,293.83,294.23,294.13,293.95,293.28,293.48,293.38,293.93,292.91,293.58,293.33,293.8,294.9,294.88,295.23,295.73,296.06,295.8,295.83,296.6,295.08,296.53,296.58,296.28,295.98,296.08,295.1,295.75,294.75,294.41,294.75,295.5,296.08,294.43,295.43,296.21,296.46,296.28,297.65,297.75,298.63,298.96,298.78,297.5,297.25,297.35,297.85,297.68,297.18,297.38,297.8,297.83,296.48,297.23,297.65,297.35
296.15,296.38,296.18,297.32,298.25,299.06,297.7,296.97,298.75,298.3,299.06,298.4,298.63,299.23,299.25,299.83,298.9,298.8,297.38,296.72,295.4,295.93,293.63,292.65,293.7,294.2,295.6,296.1,298.0,297.68,297.65,299.78,297.46,297.1,296.3,297.23,299.38,297.6,295.33,295.38,296.16,299.63,299.98,299.0,299.03,299.0,298.98,299.73,300.03,297.05,297.28,297.08,298.33,298.65,300.0,300.96,300.6,299.65,298.8,296.38,295.58,297.15,298.48,299.03,299.3,298.21,297.63,298.03,299.46,295.6,297.35,298.9,295.08,295.48,295.48,295.65,294.75,296.0,295.15,295.38,295.65,296.78,298.05,299.91,299.98,300.85,301.35,300.25,300.93,300.21,299.3,299.78,298.18,296.3,295.81,295.63,297.45,296.43,297.58,295.2,294.5,294.28,293.5,293.85,294.28,295.15,295.9,296.33,294.65,294.8,294.48,294.43,295.08,295.35,296.23,298.13,296.55,296.15,294.66,295.15,294.28,296.23,296.8,297.53,299.23,297.48,294.46,293.7,294.46,294.15,294.15,294.15,294.6,294.23,294.63,294.28,294.88,294.7,295.35,295.3,294.98,293.9,294.1,294.5,294.56,295.08,294.8,295.28,294.75,294.88,295.23,295.0,294.96,294.53,294.28,293.5,293.88,294.13,294.91,294.78,294.65,295.8,295.75,295.96,294.68,293.88,294.73,294.88,294.65,295.6,295.3,296.03,295.53,293.1,293.43,293.83,293.18,294.25,293.33,293.1,293.56,293.3,292.98,292.63,293.83,293.73,294.95,293.1,293.7,293.38,293.25,293.1,293.53,293.43,292.65,293.23,293.05,293.25,293.98,293.9,294.16,295.25,293.88,293.45,293.25,292.85,293.56,294.08,294.5,294.28,294.53,294.71,294.1,293.73,295.35,296.03,294.18,295.43,295.03,294.13,293.93,294.63,295.71,295.33,294.25,294.85,293.5,293.73,292.85,294.08,293.28,294.18,293.68,294.48,294.06,292.93,293.68,293.7,294.35,293.98,294.1,295.1,294.78,294.75,293.65,293.65,294.08,294.78,294.25,295.25,294.46,293.8,294.68,294.88,293.95,295.13,293.6,293.75,293.4,294.05,294.4,294.6,293.95,293.22,293.92,294.22,294.15,293.72,294.0,294.2,293.53,294.17,294.7,294.95,293.9,294.72,294.97,294.75,295.0,294.2,294.05,293.62,293.62,293.15,293.78,294.12,293.95,294.22,293.8,293.42,293.75,293.82,293.7,293.68,294.7,294.1,293.82,295.0,294.92,294.22,294.05,294.55,294.5,294.15,293.67,294.97,296.03,295.22,295.5,293.87,294.62,294.25,294.3,294.5,294.3,294.5,294.0,294.97,294.72,294.55,293.97,293.15,293.6,293.7,294.3,294.62,295.12,294.68,294.22,295.22,294.57,294.42,293.78,294.8,295.4,295.27,294.75,294.7,294.77,294.85,295.02,295.42,294.0,294.45,293.7,293.87,295.08,295.17,294.32,294.42,296.0,297.55,298.05,298.1,297.3,296.6,295.05,293.25,293.55,293.95,293.82,294.03,293.9,295.07,294.32
293.5,293.3,293.8,295.5,296.17,296.2,294.67,293.65,293.62,294.77,295.67,297.45,297.77,294.45,295.07,294.83,296.7,297.27,296.33,295.33,295.42,293.6,295.32,295.65,295.65,297.37,296.58,298.37,299.6,300.75,299.92,299.97,300.7,295.6,295.75,298.1,298.0,296.22,295.12,295.93,297.72,299.1,299.1,300.47,300.45,298.75,296.05,298.05,299.95,298.17,297.68,295.97,295.5,296.47,295.27,294.9,294.83,295.28,294.62,294.35,294.77,296.92,297.95,298.5,298.83,298.95,299.52,298.92,296.85,300.02,299.17,297.55,296.55,297.7,298.15,295.9,294.75,295.22,294.72,295.22,296.02,296.85,294.95,295.3,296.5,296.65,294.9,294.28,295.15,296.6,297.6,297.92,298.2,298.4,298.6,298.67,299.9,300.6,299.0,298.35,296.47,296.35,296.1,295.97,296.3,295.2,295.17,296.02,296.12,296.92,297.67,297.05,296.67,296.22,294.1,294.0,295.0,295.95,296.75,295.15,296.2,294.87,296.35,294.72,294.65,294.75,294.75,294.85,295.4,295.42,294.85,295.8,295.22,294.55,294.6,295.1,295.85,295.9,295.75,295.37,295.42,296.22,294.83,294.6,295.18,295.35,295.55,295.3,294.7,295.2,294.92,294.12,293.9,294.8,295.02,294.22,294.12,294.35,293.95,293.77,295.08,294.32,293.95,294.37,294.42,294.55,294.4,294.2,293.9,293.72,293.1,294.0,294.72,294.62,294.2,294.25,294.95,294.22,293.32,293.28,294.55,295.33,294.87,294.22,293.27,293.02,293.95,293.37,293.43,293.07,293.22,294.27,294.52,294.95,293.87,294.17,294.05,294.5,293.37,293.37,293.1,293.77,292.37,293.4,293.05,293.1,293.35,292.62,293.25,294.1,293.5,293.47,293.52,293.6,294.1,294.9,296.2,294.35,294.0,293.9,293.67,293.67,294.65,293.45,293.3,293.47,293.72,294.7,294.1,293.37,293.82,293.75,293.15,292.85,293.1,293.65,293.92,293.27,293.53,293.65,293.7,293.12,293.77,293.37,294.17,294.97,294.12,293.5,293.45,293.07,293.02,292.9,293.17,293.55,293.65,293.1,294.0,293.78,293.6,293.75,293.5,293.15,293.8,293.6,293.52,294.03,294.32,293.6,293.8,294.07,294.0,294.9,294.95,294.95,294.7,293.95,294.55,294.55,294.52,294.28,293.43,293.55,294.2,294.52,294.67,294.97,293.9,293.27,293.37,294.55,294.22,293.97,294.6,293.62,293.22,294.05,293.95,294.62,294.47,294.52,293.75,293.67,294.32,295.02,294.53,294.72,294.47,293.8,294.65,295.0,294.65,293.87,294.35,294.52,294.1,294.5,293.67,293.43,293.87,293.92,294.12,294.7,293.52,293.57,294.5,293.97,295.45,294.35,294.58,294.8,294.37,294.9,294.35,294.25,293.77,293.7,294.72,295.3,295.4,295.2,294.3,294.17,293.47,294.12,295.18,293.82,295.22,296.78,296.97,296.7,296.83,298.1,297.8,298.1,296.03,294.02,295.62,295.37,295.42,295.33,295.65,294.55,295.05,296.35,296.62
296.3,295.33,296.53,297.85,299.18,298.77,296.35,295.25,296.2,297.1,296.87,296.7,299.05,296.7,295.27,296.4,295.47,296.82,297.52,297.65,297.82,298.22,298.77,299.4,298.3,298.5,296.62,297.08,300.0,298.55,298.67,296.5,296.35,297.22,298.77,299.4,299.1,300.87,299.37,298.93,300.45,298.35,296.4,297.65,297.53,295.65,294.87,294.65,293.6,293.92,293.82,294.4,296.15,299.92,299.35,299.97,299.47,300.12,297.75,297.45,297.77,298.35,298.12,296.58,295.3,298.2,299.65,300.83,300.8,301.22,299.9,299.52,295.77,294.62,295.6,294.07,293.55,293.52,295.55,295.75,294.92,295.0,296.15,296.15,295.0,295.07,296.47,297.5,295.97,297.12,295.5,296.42,297.7,297.57,296.8,295.95,295.22,294.87,294.9,294.83,295.58,297.0,298.9,298.95,298.07,297.25,297.37,298.92,298.6,297.08,296.67,295.58,295.55,295.55,294.95,295.03,295.72,295.92,295.62,295.75,295.42,294.67,294.75,295.0,295.35,294.9,295.1,294.72,294.95,295.65,295.58,295.85,295.95,296.8,294.85,295.95,296.45,296.42,296.12,293.87,294.37,294.77,293.97,294.07,293.97,293.8,293.87,294.2,294.0,294.18,294.32,294.45,294.85,295.28,295.58,295.2,294.47,293.77,294.15,294.22,294.05,293.52,293.25,294.17,293.67,293.55,293.9,293.82,293.85,293.8,294.1,293.65,293.4,293.32,292.75,293.6,294.32,293.07,294.05,293.22,293.07,293.4,293.72,293.87,293.45,293.6,294.12,293.25,293.27,293.43,292.75,292.75,292.67,292.42,292.72,292.77,293.0,292.25,292.52,293.12,293.55,293.05,292.97,293.1,292.5,292.82,293.57,293.2,293.65,293.4,292.95,293.05,293.92,293.82,293.78,293.22,293.65,294.22,293.12,293.65,292.95,293.28,293.37,292.15,291.85,293.35,293.67,293.05,292.17,292.65,292.3,292.67,293.15,293.18,293.28,293.0,293.07,293.57,293.25,293.25,293.15,293.15,293.3,292.52,292.55,293.4,294.2,294.07,294.37,293.72,293.37,294.02,293.5,293.8,293.9,293.05,293.8,293.77,294.05,293.42,293.43,293.02,294.17,294.02,293.77,293.6,293.82,293.78,293.92,294.32,294.15,293.78,293.37,293.67,293.72,294.07,293.87,293.77,294.45,294.45,294.2,293.95,293.97,294.42,294.1,293.55,294.1,294.15,293.95,293.52,293.42,293.75,294.07,294.1,294.05,294.47,294.25,294.52,294.0,293.8,294.32,293.55,294.22,294.1,293.72,293.65,294.25,294.2,294.15,295.67,295.17,294.43,293.77,293.67,293.55,293.85,293.65,294.22,294.7,294.3,294.18,294.05,294.22,293.9,293.78,293.75,293.7,293.0,293.25,293.3,293.95,294.02,293.57,294.02,294.6,293.8,293.87,292.85,292.8,293.1,293.97,293.85,293.78,293.62,293.42,293.05,293.6,294.87,294.55,294.12,293.98,293.75,293.87,294.97,295.7,295.15,295.3,294.9,295.43,294.77,295.58,296.2,297.15,297.05,296.6
296.38,297.35,297.35,297.63,298.22,298.5,297.0,297.2,298.15,298.53,296.82,296.28,297.05,297.18,297.57,297.07,296.6,296.93,297.07,297.93,299.32,299.12,296.95,296.87,298.65,297.8,297.8,299.32,299.65,298.85,297.93,298.85,299.78,298.43,299.18,299.8,299.88,298.57,297.8,298.28,299.5,299.82,298.8,299.32,299.55,297.65,297.32,297.95,297.05,297.45,300.15,300.75,298.95,298.13,295.72,294.62,296.28,295.18,295.95,292.82,293.12,293.32,294.35,294.68,297.07,296.65,296.75,297.45,297.77,298.07,297.07,297.05,298.82,298.63,298.0,298.72,296.53,296.9,295.0,295.6,297.77,296.15,295.87,295.35,295.85,295.7,296.32,295.87,294.75,294.95,294.3,294.4,295.85,298.27,296.5,296.35,297.25,298.27,297.8,298.07,298.47,297.95,296.45,296.22,295.97,294.93,295.2,294.9,294.8,295.35,294.75,294.75,294.93,294.6,294.15,295.13,294.85,294.57,294.62,294.93,295.57,294.82,294.9,294.72,294.57,293.97,294.27,293.75,293.8,294.68,294.37,294.77,294.53,295.0,295.1,294.23,294.32,293.6,294.1,294.68,294.82,294.28,294.53,294.43,293.9,294.35,294.2,293.52,293.47,293.72,293.68,293.95,294.15,294.47,293.85,293.72,293.43,293.05,293.5,294.55,294.4,293.97,293.88,294.13,294.03,294.4,294.33,294.18,294.65,293.5,293.82,294.57,293.45,293.53,293.45,292.47,293.3,292.87,292.87,293.93,294.0,293.22,293.52,293.47,292.68,292.65,293.2,293.03,292.47,293.55,293.6,293.43,293.07,293.35,293.03,292.85,293.78,293.63,293.15,292.85,292.95,293.13,293.8,294.43,293.65,293.05,293.18,293.45,293.3,293.27,293.38,293.18,293.27,292.6,293.43,293.97,293.6,293.52,294.3,293.6,293.43,293.5,293.03,293.0,293.15,292.72,293.32,293.55,292.57,293.62,293.43,293.8,292.18,292.43,292.85,292.9,293.65,293.4,293.65,293.35,293.78,293.22,292.72,292.95,292.9,293.22,293.63,293.82,294.28,293.63,293.5,292.85,292.78,293.5,293.43,293.15,293.68,293.18,293.45,292.65,293.85,293.45,292.7,292.93,292.88,293.05,294.25,293.87,294.02,293.2,293.27,293.9,293.7,294.12,293.7,293.55,294.6,294.3,293.85,294.02,294.0,294.45,294.5,294.32,294.25,293.82,293.67,293.95,294.27,294.12,294.25,294.1,294.5,294.83,294.18,294.35,294.57,294.07,294.2,294.58,294.12,293.85,294.32,294.03,293.22,293.4,294.15,293.85,293.47,293.8,294.45,293.78,294.02,293.75,293.87,294.1,294.47,294.58,295.08,294.52,294.53,295.47,294.72,295.17,295.17,294.78,294.68,294.15,294.37,294.95,294.5,294.5,293.9,294.7,294.8,295.32,295.25,295.37,294.65,295.0,295.27,294.97,293.52,294.5,293.62,295.22,294.9,294.0,294.72,294.22,294.95,295.08,294.3,292.22,293.72,293.02,293.62,294.22,294.58,294.52,294.78,295.1,296.0,294.83,294.67
295.35,295.65,296.42,298.42,298.02,298.77,295.52,296.12,294.42,295.95,296.55,298.45,298.7,297.67,299.62,298.9,299.22,298.43,298.22,299.12,299.17,298.75,299.97,299.67,297.87,296.42,296.0,294.97,295.12,294.07,293.9,295.17,295.52,296.65,298.65,299.9,299.5,297.6,295.9,297.28,297.33,295.02,295.9,295.22,293.67,294.58,298.7,300.85,297.02,296.08,295.6,294.67,297.77,299.83,300.82,299.52,300.3,299.92,300.3,300.12,301.1,300.53,299.27,298.22,297.08,296.9,295.5,295.22,295.45,295.55,295.52,295.3,296.08,296.78,298.77,297.52,294.07,294.02,294.37,294.45,294.72,295.65,295.85,294.8,295.5,296.12,296.47,295.35,294.42,294.3,295.72,297.12,297.7,296.62,295.62,296.5,296.0,295.95,297.45,297.72,296.25,295.37,295.6,296.05,295.77,296.25,295.05,295.47,296.25,296.03,295.85,295.2,295.45,294.97,294.52,295.65,295.0,295.2,295.42,294.15,294.22,294.53,294.7,294.97,296.25,294.9,295.72,294.78,295.47,294.35,294.83,294.35,294.37,294.4,295.15,296.72,295.87,296.02,295.45,294.97,294.37,294.8,295.92,295.82,295.92,294.9,295.17,294.55,293.57,294.05,294.52,294.93,295.1,294.77,293.8,293.68,294.55,294.3,293.73,294.37,294.7,294.67,294.5,293.35,293.8,293.85,294.37,293.7,293.72,293.3,293.7,294.15,293.9,294.27,295.55,294.72,294.35,293.65,293.87,293.47,293.3,294.47,295.85,294.0,292.35,293.22,293.85,293.75,293.6,294.07,293.47,293.45,292.77,293.35,293.17,292.45,292.6,292.93,292.92,293.15,292.95,293.47,293.07,293.5,293.32,293.7,294.07,293.28,293.57,293.15,292.72,292.8,292.8,292.6,292.82,292.75,293.15,293.22,292.95,292.8,293.45,293.82,293.8,293.78,293.62,294.22,293.87,294.0,293.85,293.75,293.85,293.8,293.17,292.77,292.97,293.4,293.57,293.27,293.32,294.53,293.05,293.5,293.32,293.4,293.12,293.22,292.4,292.27,293.22,293.4,293.6,293.92,293.77,293.3,293.07,293.75,294.0,293.85,294.0,294.7,294.25,293.97,294.22,294.2,294.07,294.17,294.27,294.12,293.68,293.62,294.12,294.45,294.35,293.4,293.87,293.2,293.52,293.75,293.45,293.92,293.17,293.55,294.1,293.02,293.45,293.72,294.77,295.17,294.95,293.4,293.22,293.85,293.52,293.82,293.75,293.67,293.82,293.15,293.45,293.42,293.45,293.37,293.47,293.85,294.07,294.37,293.78,293.22,293.8,294.02,293.65,294.3,293.7,293.87,293.57,293.62,293.92,293.85,293.7,293.87,294.15,294.45,294.37,294.05,294.0,294.0,294.22,293.57,293.95,294.27,293.4,293.9,293.55,294.25,295.3,296.02,294.67,294.27,294.25,294.53,294.02,294.07,295.02,294.45,293.4,293.1,293.1,291.72,292.07,293.0,293.85,295.2,296.0,295.97,295.22,295.37,297.5,297.92,297.82,296.25,297.1,296.8,298.55,297.5,295.05
