293.55,293.43,290.66,290.4,291.5,291.73,290.56,291.0,293.03,294.98,293.38,294.5,292.63,293.03,295.65,293.86,293.71,294.25,296.08,294.15,292.13,291.23,292.16,295.66,295.08,293.33,294.13,294.75,294.83,292.88,291.05,292.5,292.13,294.03,296.03,295.5,295.0,295.38,293.48,293.88,293.98,293.5,294.61,294.38,295.71,295.71,295.38,294.38,294.9,293.11,293.03,297.18,295.41,293.71,295.41,297.03,296.68,296.48,297.71,296.36,294.63,294.28,292.56,292.08,292.61,294.38,295.36,295.91,296.58,296.08,294.38,293.75,295.05,296.75,296.18,296.8,295.0,294.36,294.48,294.86,293.53,292.23,294.15,294.96,295.48,295.13,294.0,292.53,292.83,293.53,293.88,294.21,294.53,294.16,295.38,293.98,294.33,296.13,295.18,296.73,295.21,294.38,294.43,294.16,293.78,296.81,295.61,293.48,294.18,293.66,294.08,294.71,295.68,295.28,294.93,294.75,295.0,294.0,293.9,294.43,295.9,295.33,295.25,292.38,293.18,292.58,289.98,291.3,292.25,293.35,295.3,295.5,295.18,296.18,295.28,296.05,295.48,294.33,292.23,292.61,290.9,290.65,294.18,294.78,294.71,293.48,293.18,294.3,294.55,294.93,291.86,292.05,293.68,293.83,296.3,295.46,293.46,292.33,294.63,295.71,295.33,290.55,288.53,288.83,289.91,293.71,293.53,294.43,294.88,295.11,292.35,290.96,293.53,295.65,294.86,293.36,290.91,290.68,290.75,292.43,291.28,290.63,289.66,293.21,295.4,294.46,293.88,289.36,288.28,289.36,291.61,292.38,292.78,293.63,291.68,291.65,291.11,292.4,290.41,289.75,290.61,291.16,291.5,291.21,286.71,286.93,287.55,291.73,290.88,291.61,294.5,292.83,292.11,290.03,292.5,294.96,292.61,293.66,293.25,290.83,288.78,289.08,290.38,290.3,290.63,290.43,290.08,289.93,288.8,289.3,290.61,290.75,292.03,292.81,291.86,291.08,291.61,293.21,291.75,291.06,290.03,291.08,289.86,288.18,286.83,287.78,288.78,291.53,293.03,287.55,287.58,291.05,294.46,294.28,292.06,288.98,288.33,290.58,289.5,289.38,289.46,289.65,292.21,291.61,292.71,289.78,289.75,289.88,289.88,290.93,292.53,291.43,292.28,292.88,290.08,288.43,291.23,290.36,290.21,290.18,294.08,291.78,290.61,291.63,290.0,292.83,290.61,289.66,289.98,295.08,292.83,292.68,291.6,292.18,292.33,291.28,290.23,288.68,290.38,292.81,291.13,290.68,288.28,287.8,289.53,291.41,289.46,290.86,291.63,290.96,292.98,290.08,290.71,290.98,292.16,294.08,293.56,293.53,290.73,290.3,292.35,291.98,292.38,294.28,291.5,290.78,291.46,291.46,292.13,295.21,293.08,292.5,293.93,292.68,291.43,292.83,292.21,291.28,292.13,292.61,295.68,292.48,292.88,292.03,293.0,291.63,291.83,294.65,295.0,294.5,294.25,294.28,293.05,293.13,292.98,294.36,292.4,293.03,293.16,293.61,292.88,293.96,293.46,294.11,292.08
294.0,292.75,294.61,295.43,293.08,292.66,291.46,293.0,293.91,291.5,292.96,294.83,295.43,294.08,294.68,294.93,296.33,296.21,296.21,296.68,296.86,294.46,292.48,291.88,291.41,292.63,293.0,294.28,293.0,293.43,294.73,293.48,294.41,293.43,292.71,293.23,296.05,295.53,295.48,293.18,294.33,292.98,291.71,294.9,294.43,294.78,293.55,293.63,295.63,295.33,295.78,295.83,296.48,296.03,296.38,296.38,297.36,297.21,295.23,296.96,294.86,293.48,294.86,297.38,297.05,296.65,295.05,294.48,294.11,293.68,294.25,295.58,295.66,295.83,291.85,290.38,291.31,292.98,294.33,294.91,296.33,295.98,294.5,296.33,297.8,295.91,296.3,295.25,295.21,296.13,294.78,295.98,296.3,296.71,294.88,295.28,294.93,295.78,296.66,294.68,292.11,293.15,294.5,295.43,294.98,294.71,288.81,289.3,289.83,293.88,296.83,294.16,293.58,293.35,291.73,293.66,295.25,295.3,295.33,295.66,295.91,294.66,292.9,293.83,295.9,294.53,291.93,290.36,291.0,295.4,293.66,292.36,293.0,291.5,294.06,297.43,294.9,291.73,293.58,293.06,296.18,296.21,295.8,293.25,290.71,293.23,290.11,290.81,293.66,291.55,291.23,293.73,293.58,294.58,290.73,291.61,291.86,292.08,292.43,293.66,292.66,290.18,291.96,294.38,293.41,290.11,287.5,288.36,290.21,294.43,294.43,293.41,291.75,291.16,292.63,292.65,294.83,292.58,287.71,288.08,289.25,289.11,290.33,290.73,291.46,293.75,293.55,291.21,292.43,293.93,293.58,294.63,294.23,291.58,291.43,292.48,288.28,288.38,291.48,292.18,291.03,291.11,292.78,290.46,291.13,293.41,294.31,294.23,294.13,294.23,293.98,293.03,292.23,292.15,291.6,289.25,291.21,293.98,292.41,290.5,290.38,288.65,291.68,293.91,290.63,288.93,288.4,290.88,291.53,291.05,292.08,288.23,291.23,293.88,293.5,291.23,289.23,293.11,290.0,288.9,292.55,291.65,293.25,289.71,291.61,290.0,290.11,289.68,289.68,287.48,287.78,289.11,293.03,291.0,288.3,289.5,287.8,290.36,290.55,290.33,288.33,285.88,291.41,290.46,288.78,288.53,288.78,291.55,292.8,291.78,290.55,289.36,289.08,292.91,291.56,288.25,289.38,290.83,290.93,290.38,291.08,291.11,289.98,293.33,291.0,289.78,292.55,290.83,289.61,290.23,289.5,289.41,289.33,291.03,291.63,290.15,290.98,290.68,291.18,292.0,291.96,291.96,289.68,289.11,291.08,291.23,291.05,293.9,292.03,292.71,291.63,290.98,292.31,290.93,293.03,290.5,290.21,289.0,289.16,292.96,292.58,292.33,291.21,290.81,291.0,291.75,290.38,292.15,292.58,292.21,290.25,290.25,291.63,290.68,293.28,294.58,292.68,290.96,291.5,294.25,294.11,291.78,292.5,293.58,293.68,293.41,292.71,292.48,295.0,294.66,292.38,292.43,291.36,296.0,292.58,294.21,294.36,293.48,292.91,296.03,294.36,292.53,292.81,293.81,293.28
293.88,294.23,293.55,293.96,292.58,291.63,292.63,294.05,291.43,291.78,293.53,294.05,293.73,293.16,293.05,293.21,293.13,291.18,292.88,295.03,293.86,292.38,293.0,292.86,294.13,295.96,297.3,294.56,294.38,293.8,292.73,292.68,294.46,296.0,295.03,293.63,290.83,291.08,293.5,295.68,294.36,292.63,293.68,292.83,295.38,295.53,295.83,295.65,294.68,294.78,295.3,294.0,291.46,291.73,294.33,295.66,295.65,293.68,293.66,296.33,296.53,292.36,291.63,291.53,292.53,293.68,294.88,294.68,293.9,294.13,293.08,293.86,293.98,293.91,291.66,291.33,293.71,293.43,295.38,295.73,295.63,297.28,296.33,296.48,295.15,294.13,293.88,293.25,292.81,294.08,295.83,293.46,295.16,294.53,295.06,295.41,295.8,292.13,292.05,295.06,295.36,293.31,294.96,294.03,294.48,295.88,292.13,291.73,295.65,295.15,294.11,296.0,297.06,294.03,291.18,293.73,294.48,292.78,291.25,291.78,295.06,291.88,290.41,295.65,293.15,290.81,290.9,291.33,294.3,294.0,294.75,293.78,293.31,293.16,292.46,293.3,294.68,295.03,293.98,294.25,295.18,290.75,290.78,294.43,295.25,294.21,291.46,292.71,292.93,292.53,291.93,291.48,292.25,294.41,292.68,291.36,291.06,287.58,287.46,291.05,290.33,291.86,293.3,293.43,293.38,292.75,289.18,292.83,294.61,293.25,294.35,293.05,288.61,290.71,294.18,293.08,289.73,291.06,289.68,291.36,290.73,291.11,290.56,290.86,291.58,294.21,294.53,292.11,287.53,289.71,292.86,293.03,292.18,291.11,289.48,289.38,290.13,290.88,292.55,295.11,289.28,289.33,293.56,289.91,289.05,288.68,291.86,292.73,291.43,290.73,288.63,290.96,292.75,290.61,289.61,290.91,290.21,290.86,293.08,290.65,294.3,294.48,289.68,289.88,288.91,288.0,287.83,287.96,285.78,285.83,287.23,287.16,287.3,288.16,292.08,292.46,291.13,291.03,290.53,287.48,287.1,289.0,288.8,286.36,287.33,287.31,289.38,291.03,291.91,292.81,291.43,287.6,287.33,287.96,290.98,292.33,291.48,292.8,288.36,290.73,287.98,292.53,288.86,289.33,291.61,290.13,289.83,292.28,290.28,289.05,288.61,289.16,288.63,290.38,290.4,287.58,287.33,288.08,288.96,289.15,288.43,292.16,289.28,288.75,291.08,293.71,293.25,292.56,292.43,290.56,289.28,287.4,288.28,290.8,292.98,290.86,289.15,288.28,289.65,291.3,290.05,291.21,288.98,292.53,290.86,291.8,292.18,292.4,291.3,290.68,291.88,291.73,289.68,291.0,291.53,289.8,291.08,292.75,290.16,293.55,291.63,290.08,289.63,290.21,294.53,291.31,290.38,289.48,291.21,293.05,290.75,290.66,292.06,290.75,290.9,292.3,291.21,292.05,292.63,292.73,293.28,290.55,290.48,290.98,292.05,294.46,293.15,292.86,292.28,291.63,292.71,293.56,294.28,293.05,292.58,291.28,293.88,293.68,291.93,290.61,289.83,292.03,292.48,291.96,291.21
292.83,292.41,292.28,292.3,293.23,293.08,292.15,292.13,292.28,293.71,294.4,293.83,293.33,294.08,294.13,292.61,292.21,293.21,295.25,295.78,293.73,291.55,293.53,294.96,292.8,292.58,293.23,292.23,292.46,296.13,295.63,295.05,296.0,294.78,295.68,294.18,294.0,294.03,297.25,296.18,294.78,292.48,295.11,295.98,294.18,295.43,295.5,293.18,293.23,292.23,291.88,293.73,294.61,293.28,293.93,294.73,294.21,297.48,294.4,295.43,296.13,295.73,292.43,291.56,292.66,294.33,294.33,295.11,297.43,295.53,294.5,294.33,293.63,294.88,296.63,295.48,294.61,297.0,294.61,291.96,293.28,294.86,294.43,294.11,294.63,294.53,294.23,294.88,295.66,294.98,294.36,292.43,292.63,293.75,294.78,296.25,296.33,295.05,291.91,294.68,294.21,291.15,292.16,294.73,293.35,293.88,290.91,289.43,290.83,292.23,291.0,289.78,289.93,292.41,294.71,295.0,293.41,291.75,291.36,291.05,290.86,291.41,293.4,294.36,294.53,295.03,294.38,295.36,295.81,294.33,293.53,291.73,294.46,293.08,294.41,295.66,295.8,292.93,294.25,295.96,296.36,292.81,293.73,294.4,290.61,289.86,289.68,290.11,293.11,289.03,289.03,293.8,295.43,294.43,294.66,294.83,292.91,289.13,289.53,291.11,294.06,293.21,291.58,289.33,289.53,289.8,292.61,289.78,288.48,290.91,293.05,294.75,289.8,291.53,294.43,294.83,292.23,290.13,292.28,294.81,294.48,292.48,288.91,288.15,290.71,291.18,292.08,291.93,291.43,293.93,289.96,293.11,291.05,287.58,289.63,293.05,288.98,291.73,291.93,293.21,293.73,293.81,293.83,291.86,290.13,289.68,291.28,292.43,292.46,291.46,288.68,288.93,289.33,289.43,292.11,289.63,287.78,288.61,289.85,293.5,291.38,292.21,290.83,290.05,293.11,294.5,291.73,289.31,290.93,289.56,291.63,292.71,287.73,287.98,290.15,291.71,290.23,288.93,290.58,291.0,290.16,291.4,293.11,290.11,289.96,289.13,287.3,285.88,288.9,289.08,288.53,291.23,294.75,293.18,291.21,290.83,291.68,291.23,290.71,290.05,290.66,292.08,291.98,291.25,289.6,289.83,290.48,290.88,290.23,291.75,292.25,292.28,292.0,292.05,291.53,292.11,291.93,291.88,294.16,291.21,289.93,287.91,288.11,289.61,292.08,292.28,292.0,292.83,290.5,289.25,289.63,290.68,290.85,287.96,288.78,291.75,293.63,293.53,289.98,288.5,288.73,290.65,291.96,290.43,290.03,291.33,291.21,290.43,290.91,292.8,291.25,293.5,291.3,290.0,292.28,290.33,290.68,289.25,290.5,292.0,293.71,293.61,292.38,290.83,289.56,290.06,290.91,291.68,292.9,291.55,290.66,290.83,291.43,292.0,291.06,293.61,293.05,293.88,294.88,293.15,291.61,292.16,290.25,292.68,292.13,291.56,293.5,291.03,292.93,293.06,291.23,292.86,292.75,293.9,293.58,293.0,293.08,291.86,293.71,292.0,294.33,291.91,293.66,293.88,292.05
291.06,291.86,293.33,293.06,292.78,292.13,291.91,294.43,292.98,293.68,293.71,292.38,292.0,291.91,293.75,295.71,293.5,294.68,294.53,293.48,294.3,293.73,291.88,294.46,294.25,296.73,295.91,295.93,294.75,294.5,295.58,297.41,294.66,293.23,295.15,292.0,294.83,294.48,293.25,292.58,293.68,294.11,292.38,292.35,291.88,292.68,292.86,294.06,294.8,295.13,293.58,293.43,294.1,294.13,294.38,295.08,295.71,295.46,291.31,291.43,296.71,293.73,293.21,295.23,292.36,296.46,294.33,293.13,292.61,293.48,294.78,295.63,295.86,295.33,295.08,294.28,295.65,292.28,293.63,292.53,293.33,294.63,294.8,294.75,295.28,293.41,294.13,293.73,293.86,293.23,293.58,294.16,293.53,293.88,293.46,291.91,292.88,292.33,294.56,294.56,295.03,296.16,296.08,294.66,295.86,296.58,295.8,293.41,291.86,292.48,296.58,295.9,293.75,293.5,295.4,297.13,297.16,295.16,293.15,295.55,295.9,297.36,294.65,293.93,296.61,295.25,292.53,291.91,296.63,292.71,289.75,291.93,296.46,297.3,294.73,290.43,288.93,289.43,292.93,296.63,293.45,292.98,291.96,291.28,293.93,296.36,293.28,294.0,295.46,292.93,293.28,294.63,295.43,292.33,292.33,294.66,292.0,290.83,293.68,292.41,288.58,290.05,293.36,292.86,291.88,292.93,293.96,293.73,291.03,289.13,293.78,294.66,294.75,292.18,293.36,289.81,290.23,290.03,288.88,289.18,291.93,289.4,291.73,294.68,295.03,292.46,288.53,290.03,291.21,289.55,290.33,290.86,294.03,293.63,295.25,291.58,289.25,288.16,289.63,293.71,292.65,294.28,290.25,287.13,288.21,288.86,292.25,290.98,291.18,289.55,292.08,294.5,293.88,293.86,291.43,291.41,291.56,288.63,288.05,287.71,288.43,288.38,290.63,290.21,293.68,293.48,289.68,291.21,291.58,288.9,287.25,290.8,288.23,287.71,287.68,291.16,293.96,292.63,287.96,289.08,287.86,289.63,291.93,290.13,294.91,292.96,288.98,289.21,292.88,289.18,289.38,289.43,289.36,294.08,291.98,291.08,287.31,290.13,292.05,288.68,289.91,288.75,292.58,292.08,292.05,291.0,290.43,290.88,291.33,292.65,289.36,289.71,294.86,291.46,291.43,291.48,289.71,290.68,291.23,291.86,292.08,293.38,293.33,292.63,293.05,293.66,293.61,291.91,290.16,293.61,290.61,289.66,290.36,291.15,291.15,292.53,290.53,289.88,292.25,291.96,292.88,292.93,291.03,290.21,290.38,292.38,293.55,294.38,292.33,290.8,291.38,290.83,291.28,291.78,291.28,291.21,291.68,292.63,292.58,292.53,294.18,294.91,294.68,293.61,294.13,293.86,294.83,294.78,294.33,292.48,291.78,291.98,292.63,294.25,294.38,294.55,292.36,291.21,294.33,293.36,293.46,293.0,293.8,293.5,293.66,294.05,294.13,294.71,295.25,295.28,293.25,293.0,292.81,295.43,295.33,294.5,294.46,295.08,295.06,294.18,293.5,295.38,295.93,293.98,293.23
296.36,295.16,293.58,295.43,295.38,294.16,293.98,295.4,295.08,295.71,294.75,293.48,292.96,293.63,294.53,295.53,294.65,295.0,294.03,292.83,294.46,292.21,294.3,294.88,295.15,294.88,296.08,295.96,295.38,294.73,294.68,293.5,294.65,292.68,293.88,296.13,296.68,296.58,293.21,292.38,293.63,295.98,295.23,294.71,295.41,296.21,295.88,296.21,295.73,295.75,295.11,293.48,294.31,295.93,293.93,292.5,293.78,295.5,296.21,296.18,295.28,295.28,294.78,295.13,296.11,294.13,292.28,290.98,293.75,294.43,295.66,293.48,294.18,294.88,294.96,295.28,297.43,297.21,294.73,293.61,292.46,293.75,296.46,295.71,294.75,292.86,294.06,294.08,293.81,293.81,294.53,294.86,296.63,297.58,297.61,297.46,295.75,293.33,293.18,292.91,293.43,293.63,294.61,293.25,294.73,293.5,293.56,292.96,293.75,294.71,294.8,296.48,295.3,294.71,296.08,294.55,289.75,290.25,293.91,295.68,295.78,292.98,293.98,292.8,293.28,293.58,290.88,293.03,293.38,290.9,292.43,293.25,292.11,294.55,293.48,296.53,290.4,291.38,289.96,293.25,291.86,292.36,296.21,296.55,294.58,294.71,292.75,290.41,290.08,289.66,293.03,293.53,292.48,289.18,292.48,291.46,292.33,292.9,295.0,294.68,292.98,289.38,289.6,288.43,288.38,289.53,290.48,293.83,295.0,293.03,291.05,291.93,292.41,293.03,294.68,292.63,292.75,294.06,295.23,293.41,294.0,294.48,290.25,289.13,290.25,292.58,290.61,290.28,292.81,292.18,292.68,293.48,292.55,292.73,293.05,289.83,291.11,293.78,292.58,290.56,290.0,291.93,292.36,291.46,290.86,291.65,293.48,291.68,288.0,289.0,289.65,288.65,290.98,293.13,293.48,292.25,291.75,288.88,288.61,292.55,292.78,290.36,291.06,293.18,292.8,290.88,291.46,289.96,288.3,293.38,293.73,292.03,290.43,291.35,290.93,290.91,288.81,288.88,288.86,289.55,287.88,287.78,291.46,292.53,290.46,290.63,289.83,288.83,289.73,288.81,289.28,290.68,289.93,292.43,292.1,288.46,287.0,290.08,291.93,290.75,292.48,292.88,290.25,292.21,290.36,288.66,290.18,293.16,289.66,291.28,292.56,292.36,292.83,292.53,291.6,292.06,290.18,292.4,290.11,290.98,290.38,290.55,288.48,288.58,290.86,290.0,290.13,290.08,288.75,288.93,292.58,291.88,288.9,288.46,290.5,290.9,291.55,291.88,291.73,292.96,290.86,291.28,291.88,291.25,292.33,290.43,290.5,292.86,291.4,289.13,291.48,292.33,292.96,292.56,291.88,290.98,288.86,289.21,291.33,292.08,291.4,289.31,288.03,290.8,290.0,290.88,291.93,290.93,291.58,290.96,292.58,293.03,292.5,291.08,292.98,292.86,291.16,292.71,290.48,291.6,290.13,291.63,293.0,291.55,290.96,292.91,291.18,291.83,292.33,290.83,293.75,293.5,292.11,292.63,292.18,292.63,290.96,290.38,290.33,292.36,292.96,293.03,291.91,290.86,293.68
294.41,294.5,295.53,292.95,291.5,294.28,293.58,292.55,293.45,294.28,294.48,294.58,294.05,293.61,294.08,293.36,295.18,295.46,294.08,292.8,293.91,295.18,293.71,293.96,293.08,296.13,294.05,295.48,298.36,295.5,294.71,296.38,295.03,293.58,294.96,295.11,294.66,294.71,293.46,293.5,295.18,297.23,294.86,292.21,294.53,295.68,296.16,294.8,296.18,293.5,293.43,294.91,295.75,295.53,295.28,295.21,294.81,295.81,295.88,296.0,295.55,294.83,293.83,293.05,292.71,292.46,293.93,294.13,296.08,296.63,296.48,295.8,297.21,295.98,294.48,293.23,294.71,292.96,293.55,295.0,294.53,293.96,292.48,292.23,293.78,293.5,293.71,294.88,295.4,295.83,296.03,296.13,296.21,295.61,295.93,296.18,291.58,292.03,292.28,292.43,295.3,296.23,293.66,295.78,296.11,296.03,297.0,296.98,295.8,296.5,296.1,295.35,293.25,291.73,292.75,293.75,295.5,295.36,293.0,293.55,292.23,291.9,292.55,296.06,295.11,292.81,292.55,292.75,290.88,289.61,289.55,290.5,291.0,290.25,289.4,294.3,292.53,294.41,296.48,296.15,296.13,295.03,292.78,291.71,291.81,293.86,295.13,294.58,292.23,293.03,291.41,288.75,291.68,292.73,292.21,292.13,291.93,291.68,292.56,294.23,293.96,294.43,292.0,293.43,291.11,294.21,291.55,290.25,293.71,291.61,292.46,294.98,293.05,291.06,291.96,293.11,293.83,293.63,292.75,291.8,293.61,293.28,293.41,293.8,294.46,291.41,290.56,287.63,290.88,289.83,293.18,290.73,287.4,290.81,291.43,291.28,293.98,293.28,291.48,291.23,291.16,291.11,291.25,290.55,292.21,290.21,290.53,288.86,289.23,293.46,292.28,294.46,292.63,293.38,289.43,289.8,293.75,293.28,290.73,289.91,292.08,291.21,293.5,292.11,291.91,291.78,290.35,292.86,294.83,294.78,292.5,290.58,291.98,293.48,288.93,289.73,288.5,288.48,291.5,293.88,293.91,290.96,291.58,293.11,293.08,291.98,291.38,292.38,292.38,290.93,293.15,293.43,292.88,291.46,289.35,288.91,289.16,290.83,291.23,292.96,293.15,291.43,289.31,289.0,293.21,293.13,290.73,290.83,290.25,290.83,292.25,293.43,290.41,291.56,291.05,292.11,291.98,291.81,289.25,293.53,290.78,290.03,293.08,294.11,294.78,292.25,291.48,292.71,292.18,291.08,291.18,291.8,290.86,291.3,293.75,293.63,292.15,292.98,291.1,291.08,293.0,291.63,289.73,290.58,292.08,292.43,292.91,293.3,292.66,292.61,291.38,291.86,290.73,288.88,287.98,290.05,294.21,292.53,292.68,294.31,294.23,294.46,293.0,293.41,293.78,294.11,293.86,294.08,294.36,293.93,293.21,293.93,293.33,294.16,294.61,295.55,293.66,293.15,296.16,295.25,294.53,295.58,294.55,293.0,292.96,292.6,294.33,292.63,292.15,293.13,293.18,293.78,294.48,295.11,292.8,289.38,291.71,293.11,293.38,292.58,292.66,293.0,293.11,292.78,293.28
292.79,293.74,293.96,293.44,293.89,293.29,292.86,293.94,294.51,294.98,295.01,294.46,295.26,295.99,295.08,292.66,292.61,294.22,294.96,296.86,296.13,291.92,290.74,294.41,296.76,297.11,295.41,294.91,293.83,293.11,295.74,292.51,291.36,294.06,295.79,294.56,294.21,295.91,294.94,294.36,294.18,294.06,294.01,292.79,294.68,296.99,295.51,294.76,296.06,297.79,298.01,295.56,295.54,295.19,293.61,291.53,291.76,292.81,296.09,294.77,294.59,293.18,292.41,295.39,294.56,296.24,298.16,294.96,294.41,293.71,293.69,295.66,293.96,296.44,295.09,294.52,296.26,293.96,293.66,295.59,295.99,295.06,291.66,290.74,291.21,293.21,295.29,292.56,295.61,292.81,293.51,294.33,293.76,295.91,296.31,294.74,293.41,294.42,294.76,293.61,292.51,291.93,293.51,296.13,294.69,294.34,294.96,293.89,292.02,292.06,289.41,290.81,295.91,293.34,293.21,295.67,295.69,294.09,295.84,291.51,292.77,294.04,293.26,289.81,290.06,291.28,294.34,293.21,292.81,294.66,293.96,292.76,293.53,293.34,291.78,289.61,292.52,293.11,296.26,295.01,295.09,294.27,292.96,293.23,292.64,294.64,296.34,296.49,296.61,293.19,292.14,294.06,295.99,296.04,292.39,291.29,288.79,289.67,291.64,294.36,294.96,292.86,292.38,290.71,290.96,290.09,293.61,295.29,289.96,292.19,294.01,290.51,289.36,291.36,292.94,289.91,288.96,290.53,293.34,293.61,294.03,293.24,289.28,289.69,288.89,289.78,290.89,292.77,293.61,290.88,292.99,292.18,289.76,291.39,293.31,290.33,290.99,293.42,292.37,292.16,292.16,294.38,294.81,293.66,292.99,292.71,290.77,290.59,292.79,289.89,291.46,289.71,291.91,288.33,291.67,293.44,292.46,291.58,291.51,292.49,293.31,293.88,291.93,291.14,292.56,293.41,291.86,290.13,290.59,289.23,290.06,291.26,291.53,292.94,291.86,291.61,290.14,292.24,288.89,289.21,289.77,292.76,291.26,290.16,289.79,288.91,294.76,292.01,291.21,289.89,289.96,289.78,291.93,294.06,290.69,290.21,292.68,291.61,291.19,290.01,293.14,292.16,293.97,295.36,290.56,289.36,289.24,289.71,288.24,289.56,291.76,291.81,293.06,291.41,288.36,288.96,291.21,292.33,290.14,289.41,288.29,289.78,291.02,291.36,292.26,291.56,291.26,290.64,290.93,292.74,292.81,293.51,291.81,291.96,292.69,292.93,292.06,289.11,293.26,290.41,288.93,290.68,293.28,292.03,290.01,291.21,294.24,290.48,289.79,292.27,292.72,290.71,290.51,291.96,291.81,292.19,291.84,291.49,289.06,289.43,292.66,293.34,292.56,290.58,291.03,292.84,292.26,292.44,293.21,293.03,293.64,292.11,291.81,292.84,293.36,293.06,293.03,293.64,294.51,293.36,292.22,292.81,293.01,290.68,293.38,292.59,291.44,292.19,293.09,293.59,290.54,290.53,291.91,292.66,294.18,294.94,293.14,292.48,293.66,294.01,294.21,294.69,295.21,293.41,294.21
296.29,294.18,291.16,291.23,293.89,294.31,293.99,293.46,291.69,292.94,295.56,294.51,293.36,294.81,294.44,295.11,295.61,295.41,295.01,294.19,293.94,295.16,294.61,293.64,293.18,294.41,297.51,294.76,293.21,294.16,294.68,296.19,295.51,295.38,294.24,294.69,294.99,293.31,296.86,298.11,295.11,293.26,294.39,295.74,295.31,295.54,295.81,296.36,295.21,295.46,294.46,293.46,296.06,295.0,293.56,294.99,297.56,296.71,296.49,296.91,297.22,295.31,292.39,293.14,295.29,294.59,295.19,294.59,294.51,294.39,295.31,297.46,296.31,294.81,294.61,294.53,295.56,296.41,294.76,294.49,295.66,295.83,296.38,294.61,294.51,296.26,297.61,296.06,293.94,294.69,295.56,294.68,295.53,293.46,293.74,295.59,294.34,294.01,295.91,294.56,293.39,296.03,296.81,296.69,293.91,290.36,293.22,296.11,297.18,295.97,295.16,295.74,293.24,291.29,293.66,295.08,296.01,294.09,293.26,295.31,296.53,296.01,297.16,296.74,295.14,292.52,291.63,291.86,292.11,296.44,297.04,294.86,294.39,294.84,293.72,293.74,293.73,293.06,292.42,291.44,289.91,290.23,294.76,293.26,295.86,292.34,291.93,294.06,290.31,292.17,295.11,294.41,291.09,290.56,293.61,291.31,290.01,290.53,293.01,294.34,292.66,290.51,290.92,293.93,293.53,293.64,292.43,292.89,287.26,287.29,289.18,291.54,292.78,292.97,293.99,292.59,291.31,290.76,289.33,292.14,293.31,293.23,293.5,293.0,292.0,291.3,290.78,289.81,289.78,289.66,292.21,288.86,289.5,289.86,290.83,290.13,291.75,293.55,294.08,295.36,291.5,288.71,290.48,291.21,292.03,292.63,292.21,289.11,290.96,290.25,292.03,292.73,291.28,291.08,292.33,289.11,288.5,287.93,291.28,293.21,294.21,293.65,293.46,290.78,288.23,289.18,290.86,290.48,291.33,292.66,288.86,291.08,292.41,290.88,289.18,288.08,288.61,290.05,292.73,291.4,291.75,292.05,292.98,289.91,289.13,290.06,288.18,287.9,288.55,292.48,292.63,290.13,291.71,294.05,293.48,290.85,292.66,290.5,289.11,289.8,290.11,292.75,292.36,290.43,290.33,292.46,290.83,289.48,289.61,289.83,290.46,290.71,291.66,288.98,288.25,289.0,291.8,293.16,291.3,289.98,289.16,293.11,291.06,291.58,290.15,290.61,291.58,291.33,291.46,290.75,290.93,291.16,290.25,289.0,291.73,292.21,292.23,292.16,289.88,289.5,291.93,289.65,289.71,292.36,290.05,290.71,292.18,290.13,291.18,290.38,290.46,292.73,292.53,290.06,289.18,289.4,293.03,293.43,292.98,290.58,290.11,290.55,291.88,291.13,290.41,292.78,294.11,292.98,291.33,290.88,290.38,290.8,295.21,294.08,293.06,292.08,292.71,292.63,293.11,291.73,292.68,292.73,292.91,291.38,293.46,290.91,290.96,291.98,292.78,292.18,292.43,295.11,293.3,292.25,292.0,294.53,294.03,293.38,293.35,293.08,293.91,291.05,291.71,293.58,293.36
294.21,294.9,293.5,292.63,294.43,293.96,292.13,292.5,292.88,292.25,293.3,296.58,295.06,293.38,294.83,295.08,294.25,295.41,294.5,293.58,294.73,293.28,292.68,294.41,292.56,294.28,292.05,292.03,293.68,295.33,293.5,290.73,292.43,294.58,293.78,294.28,293.98,293.55,293.38,293.8,295.05,296.08,295.75,295.8,296.11,295.98,295.58,296.28,298.36,295.61,293.75,294.66,296.43,297.03,294.88,292.13,294.61,297.5,295.11,294.63,295.16,295.41,296.46,297.25,295.48,293.46,293.78,293.08,293.61,295.4,296.5,295.63,295.23,294.85,294.61,294.11,296.93,292.05,292.65,293.43,296.33,294.53,295.55,298.13,294.43,293.75,297.53,294.68,295.36,296.0,294.75,294.31,293.38,293.58,294.13,295.28,294.3,292.13,290.58,292.36,291.8,292.86,292.46,295.75,294.75,294.48,294.31,296.53,294.73,295.18,293.66,293.55,294.18,294.95,291.0,290.88,289.61,290.31,289.83,293.71,294.13,294.38,295.86,291.41,290.56,291.78,295.86,296.93,295.13,291.33,294.4,296.46,296.35,295.83,294.88,295.88,291.38,293.0,294.43,290.33,295.46,295.36,294.83,291.5,293.68,296.15,292.75,289.55,290.08,291.53,293.46,295.46,295.33,295.33,294.33,291.75,291.63,292.53,289.46,289.78,288.71,290.21,292.91,292.0,292.35,288.96,290.96,291.11,293.46,293.43,292.88,289.53,289.11,290.48,288.78,291.71,293.68,292.68,292.08,292.11,293.03,293.58,290.8,293.63,291.66,292.9,293.88,292.96,292.55,292.68,288.53,289.03,291.38,288.36,289.73,292.73,293.75,292.91,289.11,289.43,292.9,290.43,291.25,290.46,289.16,292.18,291.91,292.05,294.88,292.36,289.11,289.53,291.23,290.73,289.88,290.28,293.96,291.8,291.93,291.53,290.6,290.0,292.06,295.33,291.08,291.0,292.86,292.5,289.23,286.56,288.05,293.4,292.46,291.83,291.3,291.55,293.78,294.06,290.36,287.93,292.11,292.03,293.13,289.8,288.96,289.71,290.21,292.88,290.73,291.88,289.21,294.68,291.25,287.78,288.46,287.88,292.63,291.23,289.91,288.86,288.55,292.56,291.68,290.46,290.1,289.48,292.13,290.93,289.91,288.66,290.33,293.0,291.0,289.33,290.25,291.93,291.91,290.53,291.68,290.23,291.36,293.11,291.63,288.16,288.88,290.23,291.36,293.38,293.5,291.61,289.98,288.98,290.03,293.08,292.93,289.88,293.11,291.9,288.83,290.96,291.75,288.73,289.13,293.0,289.43,293.28,290.23,289.03,290.55,288.96,291.5,293.75,290.41,290.03,290.23,289.3,291.55,293.25,288.13,287.3,288.5,290.71,292.78,291.18,290.66,290.86,292.93,292.46,292.53,292.58,292.5,291.83,290.66,290.55,291.56,291.36,291.61,291.73,290.73,289.61,289.13,290.53,292.6,293.3,291.53,290.23,292.18,292.8,291.61,290.61,290.78,290.71,293.33,294.65,293.11,292.25,290.06,292.1,294.11,292.61,290.18,292.3,294.78,292.53,291.36
293.33,294.63,293.5,291.33,295.33,294.8,293.93,293.63,292.5,292.91,294.83,293.8,292.25,294.43,295.05,294.96,293.86,294.21,294.73,294.93,294.33,295.21,292.96,293.56,292.21,292.23,294.58,295.25,296.23,297.11,297.0,296.81,294.75,292.8,293.16,294.18,292.46,293.08,296.21,295.21,291.86,294.23,295.61,295.16,293.61,293.16,293.41,294.03,295.43,294.86,296.06,296.18,295.13,295.63,296.48,295.16,295.08,296.05,296.46,296.78,294.78,292.48,292.23,294.88,295.23,295.18,295.11,295.86,295.18,294.68,294.36,296.43,295.58,295.1,295.63,296.21,296.0,295.08,294.5,293.8,295.08,294.5,294.58,295.03,295.75,296.48,296.53,296.63,295.16,291.23,291.96,294.38,293.83,293.5,293.03,292.96,294.98,295.75,295.91,295.86,295.81,295.16,294.55,295.75,291.58,291.38,290.83,292.71,294.71,295.25,295.46,293.66,293.61,291.3,292.35,293.21,295.21,291.88,290.86,291.05,292.58,294.13,294.38,295.18,293.3,294.23,293.43,293.61,295.0,295.78,296.61,292.71,289.91,290.43,291.96,292.28,292.93,294.61,292.5,293.0,295.25,292.23,290.36,293.33,291.16,290.36,288.3,290.18,294.33,295.21,293.23,293.71,290.18,289.23,289.75,288.63,289.13,292.05,289.91,289.48,292.0,290.43,290.9,293.28,292.0,288.83,291.86,294.36,294.11,293.3,292.36,292.93,291.33,293.21,291.93,291.23,291.18,291.41,291.46,290.65,289.43,289.96,290.86,290.33,291.5,289.5,288.21,289.53,293.21,291.78,292.88,291.16,289.33,291.68,294.06,294.46,293.28,291.38,288.88,287.25,287.8,291.58,293.0,293.28,294.03,292.63,292.53,290.08,288.88,292.11,295.18,289.53,289.36,290.93,288.56,289.05,290.98,293.18,289.28,288.53,292.08,291.33,292.48,291.28,289.5,291.86,291.21,290.33,288.8,291.43,292.28,292.71,290.03,289.96,290.43,292.25,291.31,289.93,290.75,290.66,292.73,289.73,289.16,292.41,290.06,293.91,291.16,289.08,287.63,288.28,286.16,287.73,291.6,294.68,292.16,291.25,292.83,293.53,291.48,291.96,289.5,288.16,290.53,288.93,286.23,286.5,288.38,288.71,289.08,292.21,292.78,292.75,288.38,290.36,290.73,289.93,288.61,291.15,289.48,290.38,289.91,288.53,288.96,290.11,291.23,290.78,293.23,292.13,289.5,290.4,291.43,287.98,288.5,292.38,289.93,289.18,287.9,291.15,292.36,291.48,289.71,289.08,289.18,290.0,290.16,288.53,289.1,289.73,290.03,288.88,289.98,290.63,291.18,291.36,289.71,291.53,293.36,292.86,292.58,291.71,290.48,292.46,290.18,291.0,294.58,292.3,292.65,292.38,290.75,292.13,293.0,293.33,293.96,294.38,294.21,294.06,293.58,292.18,292.38,290.66,291.96,292.5,294.0,295.66,294.96,294.36,293.86,293.66,293.41,292.46,292.63,294.73,293.5,291.55,293.43,292.75,296.91,293.88,291.73,293.31,295.25,291.75,292.5,292.35,291.65
293.43,294.03,292.9,292.68,294.33,295.68,291.83,290.58,293.93,294.05,293.93,295.46,294.18,293.88,294.28,295.36,296.48,296.15,296.91,293.31,294.3,294.38,294.33,292.08,291.96,295.48,293.46,291.71,294.75,296.61,296.75,296.28,296.5,296.73,296.75,295.36,294.78,295.08,296.38,295.43,292.38,291.93,292.4,292.83,294.83,295.86,294.9,294.25,295.53,296.08,295.68,293.61,292.83,292.96,291.93,291.86,292.98,294.73,295.88,293.75,295.65,294.58,293.71,293.21,294.58,294.78,293.96,295.63,294.23,292.28,292.73,294.3,295.78,292.63,292.9,294.58,293.71,293.73,294.35,293.61,294.16,294.43,293.41,291.91,293.13,294.36,292.1,292.23,293.13,296.88,293.63,291.23,291.91,293.6,295.21,295.88,294.0,295.63,295.18,297.05,297.36,296.25,296.03,295.53,293.86,293.58,295.41,296.68,292.71,293.55,294.65,295.31,295.91,294.66,296.25,293.96,294.8,295.16,292.5,292.55,292.13,292.13,290.71,290.83,292.93,293.46,294.05,291.73,293.81,291.21,291.18,293.5,292.08,292.9,294.58,294.36,295.18,293.6,293.28,296.61,291.28,289.1,289.21,291.86,291.21,291.08,293.43,292.0,293.81,291.3,291.4,294.61,295.03,294.88,294.08,289.55,290.8,293.48,293.41,293.98,292.28,290.5,291.16,293.96,293.78,292.93,292.91,289.61,289.11,290.08,294.38,291.61,288.93,289.25,289.98,289.93,289.81,289.58,290.05,287.28,286.25,287.13,293.03,294.75,290.61,289.73,290.18,291.46,293.93,293.86,291.33,292.28,292.53,288.78,290.25,293.13,291.98,292.73,291.08,289.5,288.98,288.75,290.35,293.38,293.21,291.15,293.8,291.41,292.11,292.38,290.71,291.41,292.28,288.58,289.93,288.83,290.3,291.48,292.53,294.21,293.11,294.86,289.06,287.91,288.53,292.05,293.78,293.18,290.53,290.58,288.3,287.48,288.46,291.58,292.53,290.96,289.88,291.75,290.75,289.63,287.88,288.43,287.8,287.38,288.06,290.11,287.75,288.38,291.98,291.28,290.16,288.75,291.98,292.68,290.25,288.96,289.78,289.46,290.61,288.8,287.4,287.16,289.48,292.11,292.83,292.28,292.66,293.86,292.93,289.0,291.93,289.68,288.88,288.4,290.71,290.46,289.61,289.88,290.46,290.25,290.0,291.13,292.58,290.23,290.41,290.73,290.9,288.83,289.46,288.58,288.68,289.23,289.71,290.65,291.88,291.11,289.93,290.46,289.43,290.28,291.75,293.43,292.63,290.88,291.38,292.96,292.56,291.18,289.73,288.1,289.21,291.88,293.5,291.4,293.38,291.21,291.55,292.4,290.48,290.18,291.78,293.4,292.55,292.25,290.68,290.13,292.3,290.73,290.78,288.78,291.58,293.63,293.05,291.5,291.65,291.11,291.23,294.31,291.63,290.23,293.15,292.65,290.48,290.58,292.21,293.3,292.58,291.61,291.61,291.63,292.86,291.63,291.25,290.43,292.88,292.86,291.86,292.38,292.93,292.23,291.33,292.86,293.93,292.66,294.38
293.83,291.71,294.43,292.53,292.15,291.58,293.38,293.78,292.73,292.23,293.66,293.36,293.66,295.91,297.11,295.46,292.68,293.5,294.18,293.43,295.36,294.61,293.88,293.66,292.33,293.61,296.08,293.91,295.48,295.0,296.03,293.18,294.4,295.63,293.53,295.83,295.03,293.43,294.13,294.36,295.75,296.88,296.58,296.53,295.33,294.93,294.11,295.85,293.98,294.61,295.55,295.11,295.61,295.68,295.21,295.03,293.48,294.8,295.43,295.55,295.5,296.16,293.11,293.88,293.71,297.05,296.38,296.0,296.3,293.23,291.46,293.33,293.93,294.43,294.41,294.36,295.68,296.85,294.78,295.93,292.25,293.05,292.16,291.68,292.58,294.25,293.88,294.63,295.0,295.58,295.31,296.38,295.83,296.13,295.91,295.0,290.0,291.65,296.21,294.63,292.48,292.98,295.61,295.48,293.86,293.3,293.0,293.63,297.0,298.25,295.05,292.83,295.96,296.11,294.36,297.08,295.63,294.0,293.13,295.58,297.11,295.36,293.05,294.8,294.55,293.08,293.96,294.83,294.33,293.83,292.68,292.93,292.98,294.83,297.03,297.81,296.96,296.63,296.38,295.8,295.53,295.48,295.43,295.78,290.16,292.3,290.46,290.86,293.9,295.13,292.98,289.86,289.86,290.88,292.98,294.36,295.25,293.78,291.63,292.15,290.58,292.03,291.98,290.06,288.36,289.21,290.81,293.68,294.03,292.21,291.5,292.5,293.13,291.08,293.53,289.53,290.13,292.3,291.25,291.58,292.91,291.46,291.85,291.86,291.08,292.58,290.43,290.03,289.86,293.5,293.98,292.58,290.98,290.53,291.38,291.21,288.91,290.68,294.06,294.23,293.81,294.23,293.53,293.46,290.43,293.55,290.23,288.0,288.43,291.73,293.4,291.93,289.83,287.33,288.86,288.03,288.41,290.78,289.03,288.88,290.8,290.03,287.28,286.63,292.38,296.08,294.16,290.23,288.31,288.5,290.03,289.66,289.08,289.08,289.78,290.98,288.73,289.55,292.63,292.21,289.5,288.93,289.03,289.95,290.75,292.33,291.46,291.88,289.18,292.78,288.23,289.66,290.25,289.23,289.16,290.21,290.61,291.21,291.18,291.43,291.93,289.21,289.41,290.71,291.18,292.3,289.98,287.71,288.61,292.08,291.21,288.63,288.68,290.88,291.53,290.68,290.48,289.63,290.8,292.78,291.93,290.13,290.08,292.33,289.98,289.55,292.03,291.11,289.23,290.43,293.03,290.88,290.71,290.88,292.48,292.08,290.36,290.65,291.91,291.03,290.65,292.31,292.5,291.75,291.15,290.28,292.4,290.0,291.03,292.46,294.48,291.88,290.63,292.41,290.83,290.71,289.88,289.75,290.81,292.3,291.65,291.75,292.43,291.03,289.71,290.06,291.7,293.15,292.33,291.86,293.55,293.3,291.13,291.36,294.16,291.96,292.16,290.3,290.18,295.31,294.15,292.91,292.71,293.38,293.86,292.73,294.21,294.83,294.63,292.83,293.91,294.46,294.15,293.73,292.33,292.0,292.46,292.78,293.5,293.13,291.41,292.5,294.18,293.86,295.53
295.61,295.15,293.75,293.71,295.71,293.61,292.21,294.83,295.25,291.21,290.93,294.58,294.68,293.66,292.18,293.53,293.33,293.41,291.05,292.58,293.0,292.8,293.65,293.83,293.88,296.5,295.71,294.11,292.66,292.53,294.73,294.75,295.25,295.73,296.3,295.3,295.68,296.83,295.86,296.31,296.43,298.61,297.78,294.46,293.4,293.98,295.73,294.8,295.03,295.38,296.28,296.78,296.73,296.8,295.83,296.0,296.88,294.75,296.36,294.68,292.91,291.96,292.18,292.73,294.18,295.0,294.8,294.71,295.13,295.08,293.88,293.18,294.0,295.53,297.0,297.48,294.58,294.21,294.38,295.36,294.61,292.96,292.5,293.41,294.5,295.4,296.13,295.08,296.66,295.16,294.73,292.43,295.43,295.21,297.16,294.93,293.3,294.9,297.3,295.15,292.83,292.58,292.41,291.78,294.66,295.05,293.58,295.88,293.16,293.4,294.21,295.05,296.68,294.75,295.63,295.81,294.63,293.03,291.88,291.8,296.28,293.0,290.85,291.48,293.45,295.16,296.08,293.5,294.48,292.5,296.13,297.8,298.83,297.75,296.66,292.18,293.96,293.0,292.55,293.33,293.75,291.18,294.33,290.33,288.5,290.93,289.08,290.33,291.88,294.75,294.25,288.21,293.46,291.16,289.11,289.88,289.78,292.11,293.46,294.55,295.13,294.0,291.36,291.61,293.16,293.28,293.16,295.63,292.61,291.0,295.13,293.48,292.58,292.13,294.15,289.43,287.73,292.55,291.48,291.41,290.8,289.53,287.11,287.83,292.96,295.78,295.58,291.38,291.96,293.81,295.33,290.98,291.9,295.03,294.63,292.9,293.33,296.78,296.66,293.5,294.8,294.46,291.23,292.48,291.33,291.96,292.46,291.4,289.81,288.48,288.73,291.43,294.25,294.11,292.68,291.58,293.25,293.71,291.53,287.66,287.1,286.61,286.9,288.61,293.03,290.33,289.08,289.91,290.78,288.93,291.63,292.16,295.03,292.48,289.43,290.33,287.78,288.68,289.36,291.88,291.96,291.48,292.63,290.83,290.16,290.13,290.38,291.21,290.46,289.88,292.13,291.83,291.46,292.11,290.3,287.23,291.38,291.96,289.66,289.63,294.56,291.65,289.68,290.13,287.53,288.68,290.28,290.75,290.75,290.11,291.18,290.98,290.68,289.18,290.41,291.48,289.71,290.11,293.23,291.68,288.53,287.96,290.71,292.91,291.3,290.81,291.16,290.1,291.21,290.11,289.66,291.88,290.78,290.16,291.03,292.3,292.43,291.36,289.73,289.63,291.66,290.41,290.21,290.33,290.83,293.46,291.58,290.46,293.13,291.36,291.66,291.08,294.1,290.98,290.88,291.56,292.18,291.93,291.71,289.83,288.71,288.78,292.78,290.93,290.43,290.28,291.75,292.16,289.48,288.6,289.66,291.93,294.48,293.03,290.86,289.88,290.75,291.5,291.33,292.31,291.03,292.5,292.11,292.43,291.48,290.21,294.5,294.16,292.66,292.41,292.88,293.48,292.55,292.98,291.88,292.96,292.93,291.58,291.8,293.46,295.13,293.23,292.21,293.11,292.8
294.8,292.96,293.28,293.91,296.21,294.75,294.41,294.9,292.38,292.96,293.56,293.86,295.43,293.68,293.48,295.55,295.11,293.41,294.15,295.66,294.66,292.55,295.36,293.23,292.5,293.03,294.96,295.53,295.78,295.61,295.21,294.13,293.91,293.28,293.15,293.25,294.4,296.11,293.6,293.56,296.58,297.3,297.53,297.36,297.36,296.78,293.68,292.43,294.86,296.9,297.78,297.31,295.0,293.5,294.21,295.08,296.16,296.75,296.8,297.53,296.71,295.58,293.73,293.96,294.11,294.36,296.5,296.15,294.63,297.71,296.13,295.43,294.73,294.5,294.41,296.55,296.88,295.96,297.18,298.0,293.73,292.98,294.61,295.03,295.28,294.78,294.91,295.0,296.53,295.28,295.36,295.65,293.9,292.88,293.81,297.16,295.86,294.88,294.86,293.66,297.58,297.23,294.25,293.58,296.46,297.05,297.66,292.66,292.58,293.38,295.05,296.98,296.5,296.23,295.41,295.36,293.73,291.88,292.36,291.03,290.58,295.93,295.46,293.98,295.61,294.73,292.28,292.55,293.18,292.61,293.85,294.28,295.05,294.16,293.31,294.08,293.75,293.68,294.53,294.98,294.61,292.05,292.86,292.03,295.15,291.43,292.48,290.66,289.5,291.11,291.15,291.21,295.35,290.83,288.05,291.65,293.41,290.61,288.83,292.66,295.43,293.41,291.11,292.13,291.68,293.16,291.3,288.88,289.93,290.85,291.28,291.36,291.73,293.38,290.63,293.5,294.58,293.75,293.81,291.48,291.78,291.98,289.91,291.71,292.41,292.61,293.55,294.18,294.33,292.86,291.55,294.18,290.86,293.68,292.43,290.75,294.75,293.36,289.68,289.73,290.08,289.61,291.53,292.05,293.61,294.3,295.56,290.08,290.25,289.63,291.75,295.03,294.98,293.61,295.55,290.68,289.83,291.36,291.46,288.68,290.18,292.63,291.5,287.28,289.33,293.08,295.75,294.83,290.61,289.83,293.03,294.38,287.46,287.31,289.58,292.41,293.03,293.86,291.71,289.78,289.41,291.73,292.31,291.96,291.18,293.71,293.48,290.23,289.36,292.38,290.46,292.73,293.41,290.05,288.68,290.66,290.73,290.38,291.48,288.41,290.61,291.93,293.78,290.86,288.13,288.53,292.61,291.08,291.8,290.78,289.0,288.88,286.91,287.1,289.25,291.23,291.03,288.38,286.78,288.91,293.0,293.13,289.71,289.5,292.61,289.6,289.23,291.98,291.8,288.5,289.91,292.18,291.5,293.31,291.58,292.06,291.16,289.28,291.88,293.93,291.88,290.0,291.88,290.23,288.88,290.68,291.63,290.13,290.98,291.43,292.18,294.3,294.16,293.71,290.78,290.35,292.11,294.15,296.23,293.38,293.83,294.91,294.0,294.46,295.25,294.4,292.5,292.33,293.05,292.75,293.98,295.16,293.71,293.6,293.5,293.71,292.5,291.9,291.5,293.68,291.75,293.61,292.41,292.16,291.25,291.91,294.68,295.43,293.53,293.53,295.06,293.5,290.8,292.75,293.36,292.5,292.03,295.58,295.23,294.28,292.73,292.71,293.78,292.96,293.13
294.28,292.71,293.58,292.46,294.3,295.38,296.81,294.55,292.28,292.46,291.65,293.48,293.81,291.58,292.86,292.98,293.5,294.93,295.63,294.61,296.28,294.43,292.5,292.48,293.16,294.91,295.03,295.05,292.18,293.61,295.5,296.36,295.8,295.88,295.46,294.88,294.55,293.11,292.65,295.88,296.78,295.83,294.66,293.96,295.96,295.65,296.21,295.71,295.63,292.93,291.53,291.83,291.65,293.08,295.08,294.48,295.5,295.58,296.21,295.33,294.65,293.08,293.18,295.5,296.23,294.96,295.68,296.23,296.86,295.8,294.98,295.11,295.05,294.33,295.03,295.8,295.4,295.08,295.68,296.25,296.0,295.21,295.46,295.4,297.05,294.41,293.58,293.88,292.96,295.0,295.98,294.3,294.43,294.93,297.5,295.68,294.36,295.75,296.43,293.8,295.16,296.75,295.75,296.3,295.4,295.78,294.11,294.46,295.3,295.3,295.68,294.75,294.03,290.5,291.21,292.13,296.53,293.88,290.38,290.81,293.93,293.71,293.75,294.0,295.66,295.28,293.25,293.36,295.18,296.63,293.73,293.0,294.86,296.3,296.48,296.43,297.0,296.85,297.18,294.11,291.61,289.48,290.36,291.28,292.0,295.05,295.46,289.13,290.58,291.71,291.23,290.21,293.71,294.75,292.05,291.28,290.25,289.78,290.73,289.41,291.13,291.98,293.46,294.98,293.33,292.53,294.25,294.78,290.13,290.23,294.38,290.68,290.03,293.93,293.68,293.38,293.56,294.18,288.0,287.13,288.33,289.08,291.46,292.05,291.68,291.53,289.36,292.55,292.73,291.06,287.63,287.03,290.98,293.41,292.33,289.78,289.65,289.91,293.36,290.75,290.71,291.25,290.25,293.88,293.21,290.3,288.98,288.18,288.28,290.78,293.75,293.63,292.68,289.18,288.21,288.15,288.88,291.98,290.66,290.66,289.68,289.25,288.9,287.83,287.16,288.0,287.8,290.48,290.83,291.46,290.63,287.98,286.86,288.71,292.18,291.8,290.21,291.38,290.91,288.86,287.93,293.31,291.08,289.88,293.46,292.08,294.5,292.13,290.75,291.98,287.88,287.75,291.48,293.71,290.91,288.73,287.55,287.1,289.98,291.78,290.11,290.23,290.58,289.98,293.23,292.1,291.23,292.63,294.73,292.71,290.33,288.63,288.5,289.38,288.78,289.66,289.36,288.83,290.23,291.66,291.28,292.5,289.5,287.46,289.13,289.91,291.41,292.21,293.8,293.75,292.91,292.05,293.31,291.05,289.48,289.4,292.48,290.28,289.98,291.16,290.28,290.9,291.66,291.25,293.65,293.25,294.43,291.73,290.78,292.0,291.73,294.23,291.38,290.16,291.38,291.73,292.13,291.35,291.08,290.03,291.23,291.0,291.21,292.68,292.48,289.98,289.5,289.3,291.13,291.75,292.43,290.5,289.23,290.23,292.53,292.93,290.33,291.71,293.11,292.98,291.03,293.83,293.25,290.38,289.71,288.8,290.43,290.33,290.38,292.81,293.28,291.66,291.61,291.85,292.78,291.28,290.46,290.78,291.11,291.38,292.23,292.75,291.96,292.13,293.58
292.1,292.0,293.53,294.53,295.88,294.88,294.41,292.18,291.78,290.75,291.4,295.3,294.9,294.98,294.63,295.3,294.9,294.83,292.0,291.16,291.86,294.73,295.15,295.38,295.18,294.06,292.68,295.05,293.88,293.5,295.18,294.73,292.53,293.36,294.38,293.46,295.5,296.15,293.08,292.75,295.03,295.93,293.83,295.25,295.21,294.11,295.03,295.43,295.93,296.93,295.61,293.13,291.38,295.21,295.38,294.23,295.98,296.91,295.93,294.63,293.3,295.61,296.88,296.83,295.58,295.8,297.13,292.66,292.58,295.21,296.11,293.83,292.9,292.86,295.83,296.58,296.18,295.88,294.66,293.21,292.43,291.73,291.98,293.71,295.38,292.88,290.75,292.1,294.56,292.61,293.41,293.93,296.3,292.83,291.93,294.83,296.31,294.93,291.78,290.71,290.78,290.43,290.23,294.58,293.23,290.28,291.96,294.21,294.68,290.8,290.08,291.73,292.08,292.0,292.05,290.65,291.05,291.0,291.78,293.43,294.96,294.33,294.28,294.8,294.93,294.63,295.05,294.48,292.25,292.73,294.86,294.13,293.96,296.11,297.61,296.25,293.55,295.71,297.71,296.8,290.75,289.83,290.41,291.03,292.66,292.48,290.75,292.46,294.48,294.18,287.75,288.11,289.08,295.0,296.25,289.73,288.25,290.28,294.53,293.88,293.75,292.0,290.55,293.55,292.18,292.03,292.06,291.83,290.71,290.55,293.36,294.13,293.3,290.25,288.0,287.71,291.71,289.91,293.25,292.91,290.11,288.41,291.16,290.5,291.41,288.68,288.33,293.88,291.68,292.4,291.73,288.58,288.43,287.96,288.25,292.25,293.03,292.55,286.36,289.75,293.28,293.3,288.73,287.13,290.98,292.88,292.61,289.0,289.53,291.38,290.98,289.06,291.9,293.88,292.88,291.11,291.61,288.53,292.03,293.73,292.38,288.53,287.86,290.48,290.21,292.83,292.31,292.21,292.93,293.65,293.46,292.05,293.55,289.21,286.78,286.23,289.48,290.43,289.08,288.68,289.58,291.13,287.73,291.48,290.75,288.36,287.23,287.33,290.41,290.38,292.06,290.33,289.68,290.71,289.43,290.48,291.86,292.25,290.5,290.43,286.98,286.16,293.13,290.16,290.03,293.61,291.96,290.0,291.81,293.38,289.83,293.05,293.08,289.73,290.15,290.13,289.71,292.86,289.73,289.3,289.58,289.66,289.61,292.36,292.5,288.98,288.31,288.88,289.41,292.0,292.55,290.78,289.33,289.88,289.25,290.68,290.36,289.73,286.98,290.5,288.23,286.8,287.48,290.03,293.45,291.71,290.31,291.11,289.68,290.11,291.9,291.75,290.08,290.66,291.93,291.33,290.38,291.86,293.55,292.1,290.68,290.55,291.78,293.15,295.0,294.96,293.23,289.83,289.55,289.16,289.11,292.68,293.21,290.83,290.93,291.36,293.11,293.36,293.15,293.13,291.53,289.11,290.98,291.53,290.15,291.43,292.33,294.73,293.3,289.46,290.75,292.18,293.86,292.78,292.0,290.45,290.53,291.98,292.73,294.11,294.23,293.83,293.58,293.48,293.85
293.73,293.5,292.88,294.23,294.48,294.53,293.61,293.33,293.0,293.18,293.18,293.25,293.61,295.5,294.03,293.98,291.53,294.31,294.41,294.65,295.03,297.18,296.13,295.1,295.03,295.71,293.18,292.56,293.8,294.33,294.65,294.36,293.5,295.03,293.23,294.83,296.46,296.98,297.8,297.11,295.38,294.98,295.96,297.28,294.28,292.96,295.4,296.11,294.4,295.38,296.05,295.8,296.15,294.16,293.93,294.78,294.11,292.1,294.36,295.68,295.33,292.38,291.96,292.71,294.71,294.88,293.68,292.68,294.48,297.88,295.25,290.9,292.5,293.31,294.18,294.23,294.53,295.61,293.75,291.33,294.68,295.88,293.13,293.55,296.05,295.41,292.63,293.03,296.43,293.11,291.68,291.66,292.4,295.78,296.25,296.21,296.55,296.71,293.21,291.93,292.28,291.96,291.36,293.23,295.08,292.31,292.68,294.36,292.03,293.0,293.66,292.93,291.55,292.68,293.81,292.38,293.5,293.91,295.23,295.78,295.88,294.98,291.83,294.31,291.68,290.61,293.86,293.88,295.98,296.28,292.85,293.78,294.73,293.21,292.73,293.36,294.38,294.11,294.3,295.25,294.46,294.28,293.46,291.48,290.4,290.86,292.25,292.8,294.78,295.73,295.43,289.41,290.33,290.41,291.46,292.96,295.73,296.25,291.43,290.48,291.4,295.38,293.58,292.53,294.61,295.36,294.23,290.48,291.16,288.88,292.61,290.05,293.0,294.86,293.13,289.58,288.93,291.28,288.61,294.43,295.83,293.53,290.5,294.33,290.66,289.53,286.28,288.08,288.78,289.75,291.03,292.78,293.38,293.81,290.65,287.68,285.68,287.61,291.38,292.83,290.03,289.46,288.66,287.55,289.05,291.78,292.11,290.96,290.46,287.73,287.66,287.3,288.25,288.48,289.08,287.11,290.0,289.5,289.38,289.86,292.86,291.36,288.36,290.61,290.61,287.61,289.08,291.71,287.33,288.48,286.23,286.15,287.21,287.38,289.45,291.63,288.25,291.08,290.96,290.66,290.38,292.93,291.8,289.5,291.61,288.73,290.98,292.58,290.05,291.58,292.41,289.86,288.63,290.58,290.21,290.25,287.43,288.0,291.5,293.25,289.41,288.3,290.66,291.98,286.88,288.53,293.03,291.0,288.8,287.46,290.06,292.21,289.81,288.48,287.21,287.38,289.15,291.0,290.36,290.11,288.63,288.53,290.16,292.78,291.71,289.4,291.28,288.58,286.98,288.98,290.86,293.43,290.61,288.25,290.11,291.65,293.43,290.33,290.96,291.31,288.88,289.18,291.38,292.18,291.4,290.88,292.03,293.13,291.03,290.25,291.78,294.6,292.21,292.63,294.25,292.83,290.61,289.48,290.86,291.31,289.81,290.36,292.65,292.73,292.36,292.43,290.86,293.25,292.68,289.3,289.11,292.23,293.78,291.61,292.93,291.98,290.73,290.8,292.05,293.36,292.81,292.71,292.25,293.08,293.8,292.21,291.43,292.83,294.11,292.73,295.25,293.46,291.43,291.18,292.73,291.11,293.48,292.41,293.61,293.71,296.05,295.48,295.61,295.71,295.3
293.42,290.9,291.85,292.57,295.07,296.25,296.37,296.32,293.55,291.87,292.67,292.17,295.27,296.12,296.85,295.49,292.42,293.74,297.32,294.57,295.55,295.62,293.32,295.57,297.12,295.97,293.05,292.8,293.45,293.62,293.12,293.55,293.49,295.3,297.07,295.7,297.37,296.39,295.42,296.87,297.3,295.85,294.5,292.67,292.6,292.65,294.27,294.05,293.64,293.67,294.07,294.2,294.32,291.77,292.57,296.14,291.52,289.95,291.85,293.15,295.8,294.9,293.1,294.8,295.72,295.57,295.24,292.74,297.05,292.45,290.77,293.35,293.97,295.47,295.35,295.5,295.47,296.35,294.1,292.02,293.8,295.07,293.52,294.97,292.27,291.24,293.1,295.8,294.67,290.55,291.97,293.27,295.02,294.65,293.42,291.49,291.87,293.52,293.55,292.3,293.87,291.6,293.99,294.3,293.12,295.02,295.39,293.17,292.27,292.97,293.32,294.8,293.62,292.05,292.12,294.17,291.49,289.0,289.3,291.1,294.82,293.47,290.55,291.4,291.87,292.1,293.39,292.55,293.32,293.15,292.87,293.37,293.62,293.57,291.4,292.32,296.32,296.64,296.87,293.57,293.97,293.0,294.25,295.62,292.85,294.3,291.32,287.89,289.49,290.65,290.05,291.32,290.02,292.17,294.37,294.02,293.55,293.27,296.27,292.62,289.67,289.2,288.3,290.07,292.57,292.17,291.67,290.22,288.2,289.89,291.4,293.8,295.17,290.85,294.07,292.95,291.1,293.47,293.22,288.05,286.62,289.32,290.97,289.9,290.05,286.3,287.72,288.82,292.82,293.22,292.2,293.22,290.7,291.85,293.2,294.62,294.27,289.27,287.47,292.95,293.35,291.12,291.55,293.17,290.89,289.42,288.95,289.25,288.57,289.52,290.14,290.77,291.0,291.02,291.22,291.14,291.97,290.47,287.9,291.2,290.4,290.95,287.57,290.85,290.42,289.95,292.47,292.42,289.97,290.44,293.25,287.37,291.22,290.75,289.62,290.7,294.6,290.05,288.55,289.82,291.72,292.97,291.17,290.12,291.64,291.85,287.45,290.42,291.85,289.37,287.8,287.67,291.95,290.97,292.37,292.99,293.42,293.14,289.4,287.72,288.57,290.17,290.57,289.47,288.55,290.45,290.02,290.72,291.87,291.25,292.35,290.02,289.64,290.95,294.62,293.17,295.57,290.49,289.77,288.2,288.8,289.0,293.02,291.82,288.24,288.74,290.62,290.15,290.37,290.64,291.25,292.77,294.12,293.7,290.42,290.2,289.67,289.62,291.02,290.7,290.47,293.9,293.67,293.4,293.5,294.14,291.67,291.17,293.42,290.22,290.07,292.07,292.37,288.52,289.35,290.0,292.19,292.8,293.77,295.6,293.05,289.52,289.87,289.37,290.92,289.45,290.17,290.17,288.57,289.6,290.15,290.45,290.62,290.75,294.45,290.8,289.42,288.3,291.12,291.67,292.45,292.37,293.72,292.02,290.35,290.95,294.52,291.27,291.27,294.49,290.12,289.0,291.17,293.64,293.72,290.5,290.85,294.15,292.8,291.4,291.07,292.05,291.75,292.05,294.27
291.82,292.24,294.35,295.47,294.67,293.92,293.07,293.7,292.24,292.02,291.8,295.22,294.22,290.2,293.8,293.72,291.92,291.89,291.95,291.62,293.37,292.2,293.17,291.7,290.35,293.72,292.67,296.2,293.4,293.47,291.77,292.92,293.27,293.37,294.64,294.17,294.8,296.97,293.62,292.67,291.49,292.55,293.55,295.22,295.27,294.87,291.85,291.47,293.8,295.74,296.45,296.37,295.1,292.52,292.57,293.9,296.32,295.67,294.42,293.57,294.17,295.12,295.22,293.99,296.64,294.42,294.97,294.92,291.75,295.2,292.14,291.07,293.4,295.3,296.77,295.42,291.22,292.27,294.82,293.3,293.65,292.89,295.87,293.62,292.55,294.1,294.22,293.39,296.32,294.62,292.92,291.5,294.05,293.82,295.32,293.12,294.1,291.7,291.35,293.87,292.7,292.6,293.05,291.9,291.92,293.67,294.42,296.17,295.94,295.77,297.1,295.07,295.15,293.42,292.32,293.24,292.45,294.1,294.85,296.92,294.75,295.1,293.3,295.47,292.25,292.62,294.62,293.05,292.5,292.3,292.22,291.27,291.52,290.82,291.92,293.15,295.4,295.4,293.55,291.85,293.5,294.64,294.52,292.0,291.8,292.92,296.35,291.65,291.92,295.3,295.97,295.92,292.2,292.15,293.7,290.52,292.27,288.05,288.39,291.17,294.17,292.62,294.37,294.52,294.07,294.17,292.05,293.77,293.12,293.07,290.27,292.95,292.55,293.39,294.35,292.47,296.02,289.57,288.87,290.3,295.42,295.47,291.42,289.82,289.07,290.77,292.72,293.07,291.32,289.67,288.07,289.12,291.92,293.02,294.82,296.0,295.1,290.72,292.0,293.6,290.77,289.57,288.39,288.27,290.32,292.05,293.64,293.95,295.8,288.62,288.02,291.1,292.3,294.0,296.05,292.55,288.57,290.9,291.6,289.3,293.02,291.05,294.55,293.67,291.12,289.35,287.3,286.15,288.77,289.82,290.82,293.37,290.57,288.1,288.27,287.67,287.32,287.1,289.39,293.45,291.77,288.67,290.95,289.37,287.49,291.82,288.99,288.75,289.32,290.17,289.85,287.7,287.8,286.32,286.07,291.87,288.6,289.32,293.72,291.92,288.12,286.95,290.8,292.6,293.35,290.27,292.47,287.55,288.32,289.89,286.82,287.64,291.2,289.85,289.35,289.42,290.1,294.27,290.24,289.37,288.1,290.95,293.89,291.25,290.7,290.05,291.32,289.17,287.95,289.85,294.27,294.0,293.5,289.2,288.6,290.99,294.27,289.9,288.45,292.05,292.62,291.74,290.42,291.05,290.3,294.35,291.62,289.42,291.39,289.12,288.62,290.37,291.9,292.9,291.42,291.45,294.87,291.45,289.85,292.67,290.57,290.87,291.05,293.52,292.57,291.64,293.27,291.47,290.1,291.52,292.37,292.37,293.57,292.45,290.52,288.87,288.92,291.72,293.32,294.6,292.64,291.37,290.6,291.45,293.62,293.1,293.74,293.6,294.39,294.47,292.52,291.47,294.64,293.72,292.87,292.45,290.3,294.67,294.35,292.62,291.95,291.49,292.4,293.82,295.37
293.85,293.6,293.82,293.7,294.02,292.95,291.57,293.45,295.94,296.7,295.52,291.92,292.52,295.32,292.12,292.8,295.55,294.92,293.47,293.97,292.77,294.62,295.82,294.6,294.57,294.32,295.22,297.87,296.47,296.3,296.45,296.99,295.87,293.55,293.3,296.25,295.1,292.64,292.6,293.77,294.2,294.2,293.05,292.57,292.39,294.07,295.72,296.2,296.07,295.87,292.07,294.25,295.37,296.57,297.5,296.22,297.37,295.14,297.0,294.2,294.47,296.45,298.6,297.6,295.45,297.1,297.8,295.37,295.67,298.27,296.17,293.92,295.17,296.42,296.85,296.42,295.9,298.5,297.42,296.32,295.95,294.47,292.62,294.92,295.85,293.82,294.75,293.74,294.4,296.35,298.05,297.14,295.7,296.92,297.57,297.62,294.35,293.87,293.9,293.07,293.77,295.65,297.22,298.62,296.45,293.7,293.9,294.52,293.2,294.67,297.17,293.22,293.3,291.97,292.52,294.4,294.37,294.97,294.87,295.7,295.64,294.5,293.67,291.75,289.02,289.92,292.97,294.57,293.27,292.7,292.57,296.5,292.47,293.67,292.87,290.8,292.85,293.8,294.15,294.3,292.87,294.15,291.42,291.17,295.07,295.55,291.87,290.47,293.32,291.27,291.22,291.3,292.55,295.25,296.02,292.52,290.57,290.9,293.45,293.22,296.47,293.65,294.57,297.1,295.47,291.47,289.97,292.6,293.32,290.8,291.17,293.17,291.57,292.55,294.15,290.0,291.72,293.65,295.85,296.42,292.37,295.02,289.07,293.27,293.8,292.85,294.55,293.6,294.52,295.45,291.77,288.95,292.72,294.47,291.25,293.02,292.12,292.17,287.67,289.2,291.57,294.55,295.9,291.7,289.05,293.22,291.92,289.92,290.6,291.92,292.22,291.47,292.27,293.1,290.82,290.42,289.22,291.17,293.99,290.55,290.17,289.85,289.05,291.47,292.17,290.92,292.89,291.27,293.3,294.57,295.22,295.12,293.82,292.37,288.3,288.45,289.65,290.17,291.92,291.85,291.32,291.39,291.14,288.52,288.7,292.12,292.02,291.07,292.47,293.47,292.99,291.72,289.67,288.05,286.65,290.0,292.35,293.95,293.2,288.14,287.47,289.65,292.82,289.27,289.87,290.92,291.22,289.82,287.72,289.57,288.47,288.92,290.57,291.47,291.95,292.12,293.25,293.17,292.2,288.75,291.12,295.42,295.75,291.85,288.24,288.89,293.75,291.79,287.3,287.57,289.42,288.9,289.72,291.77,291.8,290.3,288.72,289.97,290.3,291.49,289.77,289.45,292.74,294.4,290.72,289.52,288.57,292.12,289.7,290.17,292.64,291.1,290.19,292.95,293.05,295.4,292.07,292.14,291.47,291.82,292.95,292.97,291.62,291.87,292.62,293.02,291.87,291.8,293.8,294.02,291.17,292.0,290.27,291.52,294.42,295.77,295.4,294.45,293.7,290.77,291.3,293.22,293.9,295.4,296.0,294.74,294.55,295.25,295.72,295.17,295.32,296.85,295.94,294.05,294.4,294.2,296.1,296.02,294.42,295.0,294.75,295.72,296.17,296.89,293.77
294.42,293.05,294.05,295.47,296.92,297.52,296.8,292.22,292.05,294.39,295.72,293.92,291.02,292.92,292.77,293.27,293.6,293.97,293.82,293.97,295.2,295.44,292.72,294.89,296.87,295.22,295.37,295.52,295.67,295.89,294.12,294.5,293.89,295.65,297.97,296.65,295.39,296.3,295.72,294.45,296.77,297.89,297.67,294.89,295.15,295.07,292.89,294.62,296.97,297.7,297.62,295.72,296.8,295.12,295.92,297.4,297.7,295.2,296.97,295.35,294.12,297.57,297.22,297.02,296.82,293.72,294.72,296.85,296.97,296.74,296.72,297.89,296.22,295.6,296.75,295.82,295.52,296.14,293.72,295.17,297.67,297.75,297.82,296.75,293.1,291.97,291.72,292.82,292.77,292.77,294.45,297.85,295.42,291.72,291.12,292.89,293.7,296.3,295.64,294.87,296.57,295.1,293.55,294.2,294.02,294.6,295.1,293.72,295.02,295.1,295.6,296.47,294.82,292.7,293.3,289.49,288.42,289.4,291.97,294.62,294.24,291.27,289.62,290.55,291.8,293.6,293.6,294.75,293.45,292.3,290.67,289.05,290.25,292.6,290.9,293.35,294.05,292.85,291.82,293.77,293.02,292.12,288.55,287.67,290.47,292.57,292.15,292.8,294.2,292.89,290.87,292.4,294.32,291.37,292.5,293.1,294.75,295.0,294.52,294.7,295.4,295.32,291.15,294.57,294.72,294.22,291.77,290.62,291.4,291.57,294.0,295.2,293.65,289.35,291.72,293.82,293.32,293.52,294.14,292.1,293.62,294.55,292.25,293.02,294.74,291.7,290.97,292.8,294.35,295.05,294.02,294.27,295.07,295.17,296.82,290.97,288.25,291.32,294.32,289.32,287.39,287.8,286.49,287.14,293.29,289.32,290.05,293.17,291.72,290.57,291.57,290.2,291.92,295.47,292.17,291.1,290.17,289.8,290.6,292.95,292.87,290.1,290.92,289.55,290.1,289.97,291.8,294.67,288.79,288.7,288.87,292.65,294.05,291.07,290.02,291.47,291.92,292.0,290.62,292.12,291.07,289.39,290.45,289.02,294.35,290.1,289.12,291.17,293.14,289.02,289.55,294.75,290.07,288.32,295.22,291.24,287.9,287.42,293.12,286.92,287.82,287.55,288.6,290.72,292.15,293.15,293.92,291.3,289.9,290.52,291.12,289.75,291.99,291.42,290.12,290.49,291.67,290.3,290.35,289.65,293.97,291.87,288.87,287.77,291.27,293.77,289.99,291.35,293.05,290.55,291.02,290.85,288.6,289.57,291.67,294.95,291.95,289.77,289.24,288.52,290.42,291.52,288.87,288.95,291.05,292.37,292.52,292.27,291.05,290.92,292.42,293.8,293.6,293.45,294.15,294.27,291.67,290.82,293.07,293.6,293.67,293.7,293.77,292.02,292.27,291.1,294.05,292.2,291.24,291.77,291.42,293.05,292.52,292.27,293.02,294.02,292.1,291.87,291.7,293.3,293.45,292.14,291.2,293.6,293.45,291.6,292.57,292.07,291.72,293.89,292.62,293.1,294.6,292.35,292.07,293.22,293.24,294.25,292.24,291.52,294.24,294.22,293.22,293.77,293.05
291.8,290.47,290.67,291.97,293.45,293.82,294.1,294.45,295.1,294.42,293.37,296.0,295.72,295.47,295.17,294.52,293.42,295.27,294.7,294.07,293.92,293.65,296.3,294.42,293.02,292.97,295.02,297.17,295.3,295.65,292.45,293.02,294.62,292.9,292.07,293.67,295.17,296.22,295.0,293.77,294.55,295.67,295.52,296.52,293.67,292.05,292.42,292.67,294.64,296.92,295.5,293.8,294.1,294.07,294.24,294.42,294.45,294.77,295.64,296.62,295.4,296.62,294.47,294.47,296.95,295.6,295.94,294.6,296.1,295.45,293.17,291.92,295.5,297.52,297.17,295.57,291.42,291.72,295.07,293.12,293.02,296.4,297.64,296.15,294.85,294.17,294.45,295.77,297.6,296.15,293.8,296.8,294.37,291.77,292.72,294.99,295.6,295.39,295.27,294.42,294.82,295.82,295.17,291.07,290.97,294.07,293.95,294.25,294.87,294.02,293.27,294.42,293.62,295.7,292.15,290.95,292.27,292.99,293.1,291.42,292.55,294.0,294.57,295.47,293.62,290.82,292.07,295.12,295.75,291.37,293.95,295.7,296.45,296.2,295.27,295.57,295.99,296.75,296.7,295.77,291.99,290.72,289.57,292.17,298.17,293.1,289.77,291.27,295.57,291.97,293.25,293.05,292.65,293.32,295.2,291.87,294.47,295.82,292.85,294.39,292.17,293.47,291.22,292.95,295.42,292.72,294.9,292.52,292.02,290.67,290.45,293.05,290.8,290.05,292.24,293.37,291.42,292.07,293.14,291.42,290.45,290.62,293.35,293.92,296.22,290.7,287.62,288.07,293.42,294.02,292.9,290.65,291.07,291.2,289.35,292.45,293.02,292.62,293.37,291.27,291.2,289.82,291.02,287.32,287.67,289.37,292.02,293.45,292.1,289.45,291.57,292.85,294.45,293.39,290.6,288.7,289.89,290.92,292.22,292.12,294.9,293.85,289.3,288.5,290.3,290.6,287.87,290.67,292.57,290.6,290.74,290.67,290.77,290.2,293.2,291.97,290.1,290.57,289.07,293.25,294.0,289.37,289.45,289.67,291.17,293.02,290.14,293.1,290.07,289.62,290.77,294.02,291.55,289.17,287.77,288.17,287.55,289.3,292.1,290.65,290.67,292.2,291.87,290.77,290.4,291.47,293.05,289.57,288.97,289.24,288.62,291.47,292.57,292.22,288.37,290.47,292.55,291.67,290.8,289.82,290.27,293.2,292.37,291.62,292.27,286.74,288.17,290.92,290.95,292.65,289.9,289.9,289.99,291.25,291.57,292.39,292.12,290.92,291.7,291.52,292.8,293.47,292.12,292.0,291.29,294.07,293.37,293.02,292.15,293.87,290.42,289.92,290.55,292.25,292.22,292.32,292.3,292.47,290.6,290.55,293.62,293.97,293.5,294.69,292.47,290.55,291.4,291.8,290.97,292.39,290.2,291.4,294.22,292.95,292.7,293.57,290.99,292.3,293.72,293.35,292.3,294.25,296.15,294.05,291.9,290.14,292.72,292.8,294.17,293.85,292.02,290.82,292.42,292.62,293.17,293.4,293.6,295.64,293.62,292.47,293.1,292.42,294.37,293.57,294.14
293.72,291.1,293.0,295.0,296.85,295.93,292.88,291.85,293.32,297.9,298.28,295.95,292.77,292.3,293.6,296.4,295.85,294.7,293.52,295.95,294.68,295.02,294.45,292.6,292.35,295.1,296.32,296.27,295.95,294.8,294.07,292.87,293.75,293.35,294.07,294.25,294.47,290.85,291.75,292.23,294.6,294.82,292.3,292.2,294.45,295.22,292.32,291.78,292.35,293.75,295.42,295.4,295.45,295.8,294.97,293.37,291.63,293.47,295.62,296.07,296.72,295.63,294.18,295.88,297.9,293.97,293.18,295.13,296.1,295.72,295.43,295.63,295.15,294.47,295.43,297.35,296.68,296.35,294.57,295.3,295.47,294.38,295.52,297.75,296.85,295.9,292.13,291.98,295.38,292.68,295.33,299.02,298.6,298.7,295.5,292.07,291.9,295.0,297.15,293.5,293.72,294.8,294.6,292.5,292.03,291.7,293.0,293.3,292.6,293.32,294.38,295.25,295.35,296.53,294.77,293.97,294.62,296.45,294.82,292.15,293.85,294.07,292.93,293.45,296.15,291.25,290.28,290.25,292.9,291.8,294.52,295.43,292.97,292.6,291.1,294.03,293.43,293.82,293.1,295.7,295.63,295.27,294.6,293.0,293.85,291.47,290.72,295.6,294.2,289.85,289.47,290.27,289.03,291.25,290.55,292.77,294.8,290.85,293.25,291.03,293.25,295.28,295.2,293.13,291.8,291.85,289.65,293.57,293.18,289.47,288.2,290.07,295.05,292.8,291.32,291.18,293.18,289.0,289.75,290.65,287.52,289.28,292.35,291.35,293.92,293.38,293.03,294.63,292.35,292.6,287.95,289.25,291.9,292.1,294.57,289.7,288.13,289.05,289.1,289.82,290.07,290.97,291.22,293.22,291.18,290.7,292.6,293.87,292.32,293.5,287.85,288.55,293.8,295.0,288.35,287.72,291.0,290.97,288.75,290.22,294.57,296.07,295.25,294.28,291.68,288.37,288.22,289.4,289.7,290.47,291.5,291.82,293.0,293.57,293.03,292.47,289.65,290.9,291.07,290.97,294.52,293.18,289.38,292.02,292.65,290.95,288.52,288.35,288.77,291.03,293.47,291.8,289.95,289.07,288.9,288.5,291.48,293.53,292.9,293.75,294.88,292.82,291.27,288.15,288.45,288.08,288.5,288.5,291.38,291.22,292.57,289.77,289.9,290.27,290.63,290.45,287.47,293.03,290.07,289.97,287.47,288.1,293.85,292.98,294.62,292.82,292.07,290.95,293.2,292.75,293.9,288.8,289.38,292.3,291.33,293.37,289.35,290.25,289.25,289.38,289.93,289.82,288.25,290.45,292.87,293.07,292.9,290.9,287.43,287.75,290.6,294.35,289.2,288.9,289.27,292.62,292.3,289.22,289.77,292.65,290.85,292.43,294.0,293.05,290.7,294.2,290.8,287.7,288.2,288.38,290.95,292.15,290.0,289.8,291.57,292.37,292.5,292.07,292.15,292.32,294.43,294.6,292.08,289.95,292.88,295.22,294.45,292.95,292.38,292.05,293.88,291.57,291.72,292.65,293.22,294.6,295.15,294.18,293.18,291.32,289.37,290.97,294.2,294.48,293.18
292.93,297.08,294.05,292.4,292.5,296.0,294.32,293.97,291.5,291.2,293.7,294.5,295.0,293.62,295.43,294.68,292.55,293.82,296.0,293.98,292.13,294.03,293.43,293.62,296.15,294.95,294.65,295.63,295.97,294.5,292.82,295.1,294.85,295.63,297.37,296.32,296.75,297.15,295.68,292.07,293.1,295.37,296.45,296.55,297.85,295.82,296.75,296.22,298.35,297.6,295.93,294.63,295.2,296.55,295.15,293.93,295.93,298.25,296.15,294.8,297.0,297.45,296.18,297.22,296.1,295.32,295.6,296.7,296.15,296.65,297.27,298.15,294.55,294.75,292.9,295.03,296.47,292.6,294.35,295.83,296.0,296.2,295.55,294.68,294.18,294.82,295.13,296.8,297.9,295.1,294.78,297.0,295.95,293.68,294.1,297.57,298.63,297.53,292.95,291.47,295.68,296.22,295.0,294.65,294.1,294.37,294.47,295.5,295.3,295.6,296.1,294.4,292.9,293.53,294.25,295.6,293.4,293.35,295.1,293.85,292.07,291.87,294.75,293.68,292.45,293.82,296.38,297.8,295.95,293.55,294.35,294.82,291.58,291.47,293.57,295.9,295.3,291.27,291.75,294.6,295.53,295.0,295.72,295.0,293.47,291.2,290.5,291.08,291.0,290.9,292.65,294.22,294.8,289.2,286.95,288.82,290.1,290.75,291.78,288.35,288.93,290.9,293.52,293.82,293.12,288.8,294.5,291.18,288.57,291.93,293.68,293.95,292.77,291.43,288.97,289.3,292.05,291.6,292.28,293.2,293.8,293.6,289.63,288.68,286.45,287.3,289.25,293.55,292.9,294.28,294.2,289.7,289.57,290.93,290.8,294.1,294.38,294.53,293.37,289.35,288.0,288.55,288.8,289.28,293.13,291.1,292.0,292.88,291.82,289.85,293.9,292.9,294.78,289.4,288.78,290.78,287.65,289.08,293.06,294.63,293.05,289.0,288.68,289.08,289.75,289.98,289.45,292.2,289.05,292.78,289.95,285.68,286.33,288.55,293.06,293.45,290.33,287.98,291.03,291.63,289.28,289.35,294.2,294.46,290.1,289.05,288.48,287.9,287.65,291.83,290.35,289.43,289.73,290.45,289.68,285.58,285.85,289.38,290.55,292.6,292.88,291.13,288.58,288.35,287.2,289.18,290.75,290.45,291.28,292.83,289.73,288.7,292.98,290.7,288.75,287.98,289.8,290.85,289.13,287.33,288.41,291.3,289.8,287.9,288.55,290.65,291.53,291.13,291.13,286.5,286.35,287.45,288.35,290.88,293.5,289.38,292.7,290.85,290.63,289.4,290.08,292.78,293.8,292.48,290.18,288.88,289.0,289.53,288.63,289.3,290.18,293.33,291.53,289.08,290.1,289.45,290.83,295.08,290.25,292.6,293.4,292.6,289.5,294.9,293.78,293.55,292.45,293.3,291.8,291.1,291.38,290.41,290.23,291.48,290.95,291.3,291.41,289.95,289.35,289.4,293.0,292.3,291.55,291.0,293.8,291.43,293.3,292.38,290.35,292.7,293.63,291.3,291.23,291.55,290.5,289.55,291.33,296.06,291.93,291.25,289.85,290.23,290.58,290.43,291.85
290.7,291.65,290.85,290.16,291.83,294.43,292.81,292.63,292.8,292.7,292.45,295.5,295.5,295.5,294.23,292.28,290.43,292.68,293.1,295.38,295.46,295.98,295.43,296.08,295.58,295.35,294.38,294.58,293.13,294.56,294.35,295.0,294.45,295.08,295.25,293.23,293.2,294.23,294.55,294.18,296.38,297.0,296.08,295.73,295.53,294.58,295.13,296.35,293.68,292.95,295.98,297.85,295.85,294.96,297.98,297.28,297.38,297.4,295.73,293.63,294.0,291.13,297.13,292.5,291.05,293.81,296.06,294.2,292.85,292.5,291.1,291.38,293.06,295.23,296.73,293.68,296.25,295.28,292.85,294.78,295.38,293.75,295.63,295.21,295.1,294.2,296.5,293.16,293.25,293.5,293.78,296.38,298.38,297.33,295.13,293.93,294.85,295.58,296.21,292.88,293.23,294.4,294.55,296.75,296.58,296.65,293.53,295.18,295.73,294.55,294.55,292.35,294.05,298.18,293.18,291.55,291.43,292.85,294.2,295.96,295.53,290.16,290.15,291.73,295.1,295.05,296.15,293.55,293.33,296.4,295.91,294.43,291.38,291.2,291.15,290.05,292.58,294.35,293.73,292.85,292.25,295.35,298.38,294.53,292.45,295.6,297.16,294.45,289.5,289.41,290.33,290.88,294.23,296.28,296.8,296.65,294.15,293.83,289.9,290.93,293.68,295.96,295.18,294.68,293.85,291.58,291.7,290.63,294.33,293.93,292.0,293.58,293.98,293.58,294.16,294.83,293.68,289.75,288.5,292.0,289.48,291.65,293.58,292.13,288.48,287.18,289.28,290.58,289.88,292.03,291.05,288.45,290.53,287.33,287.78,291.53,293.48,292.38,292.5,293.81,294.31,292.45,291.18,293.18,288.75,288.58,288.83,289.83,290.28,291.1,292.05,288.05,290.2,291.03,294.02,291.05,290.9,289.8,289.05,292.15,293.35,287.7,287.78,293.38,293.2,292.38,289.4,290.45,289.57,291.35,293.6,293.85,292.75,290.43,290.3,290.65,289.0,289.8,290.07,292.9,294.2,294.43,291.7,289.82,290.68,290.55,293.22,290.02,287.72,288.27,288.62,286.72,287.72,291.68,288.93,289.7,293.8,289.57,291.73,289.32,290.82,288.15,288.72,290.22,294.9,292.12,289.8,290.55,291.12,289.3,289.62,289.95,291.3,291.5,291.43,292.3,291.88,290.6,291.2,291.2,288.72,288.85,288.63,289.4,288.6,291.65,294.32,294.72,294.45,291.32,289.85,291.5,293.23,294.43,290.95,289.57,291.5,290.6,289.85,288.8,291.03,290.97,288.8,293.0,292.3,293.7,290.77,292.72,292.05,291.93,292.72,291.72,292.75,289.35,289.8,293.43,294.18,291.55,292.07,292.47,294.22,294.5,293.6,294.12,292.72,291.65,291.93,292.0,293.52,291.4,290.7,292.85,294.72,292.97,293.32,292.5,293.4,295.25,296.5,294.77,292.57,291.52,292.48,292.8,293.18,295.68,295.02,294.05,292.13,292.7,295.22,293.72,292.02,292.15,295.05,294.93,294.9,295.8,297.6,296.1,294.83,294.52,296.25,295.07,293.27
292.78,293.5,293.95,295.85,296.65,296.0,297.02,293.97,292.6,292.38,296.0,292.07,292.78,295.72,293.63,292.38,292.75,294.18,295.77,296.78,296.7,295.4,293.87,293.95,293.38,292.0,293.45,294.87,293.2,293.02,295.43,294.03,295.03,297.32,294.05,292.95,293.25,296.57,295.9,295.28,294.1,293.75,293.25,297.07,294.2,293.82,294.78,297.3,295.9,296.53,295.53,296.0,296.22,296.8,295.95,294.23,294.82,295.4,294.57,294.03,294.72,294.78,295.93,296.4,298.05,295.7,294.68,294.37,295.9,293.88,294.0,292.63,293.95,295.57,296.4,297.95,298.55,297.82,298.43,295.2,295.0,297.6,297.73,296.47,294.85,295.78,294.2,293.93,293.47,292.75,292.5,291.7,293.57,294.65,296.47,296.88,296.45,296.02,295.13,296.28,295.45,296.2,292.72,292.22,293.52,295.63,295.72,295.65,297.05,293.2,292.15,292.88,293.2,291.03,292.28,291.68,291.63,292.6,291.73,292.6,294.13,290.83,291.66,295.3,293.6,294.71,292.73,293.75,294.15,297.43,297.63,297.63,294.18,292.58,294.13,294.78,297.33,295.55,289.6,291.65,295.83,295.63,294.1,289.95,290.63,293.66,294.85,291.0,291.88,292.63,294.13,294.43,294.58,293.75,290.85,289.58,290.8,293.88,291.45,288.95,288.25,291.41,295.35,291.33,291.0,288.68,291.75,292.5,295.25,292.4,291.05,289.93,291.08,293.7,295.03,295.13,294.83,289.8,289.05,292.53,291.23,289.78,289.63,287.43,290.78,293.1,292.38,293.6,292.05,294.2,294.93,292.91,294.25,294.35,293.78,291.75,291.83,293.63,293.0,295.13,292.18,290.88,290.5,292.73,291.25,293.85,289.73,289.48,289.85,293.6,290.9,289.13,292.98,291.35,288.68,292.23,291.98,295.58,294.55,290.9,290.68,290.2,291.73,289.66,291.0,290.45,288.73,288.43,290.85,289.38,292.93,289.65,286.95,289.03,291.48,291.0,290.7,292.33,287.13,289.13,294.33,293.33,290.15,290.83,293.03,293.25,291.13,288.6,288.28,290.83,291.4,293.7,290.55,289.35,290.95,287.18,291.1,292.83,291.13,293.68,289.38,289.85,289.75,289.73,288.6,291.43,291.75,290.85,288.65,289.05,289.28,291.28,290.3,292.53,292.15,290.43,289.88,288.25,287.83,290.35,292.0,290.03,291.23,292.8,291.1,289.9,290.05,290.78,291.5,293.65,293.78,293.5,291.38,290.15,291.43,292.85,290.33,289.4,289.5,293.33,292.05,290.1,294.78,295.33,294.55,296.96,289.13,289.48,289.93,290.03,289.3,289.58,290.13,290.25,291.75,292.63,293.3,292.63,289.88,289.98,290.63,291.48,292.68,293.98,292.95,291.38,290.4,291.45,293.35,292.83,290.53,290.85,293.6,295.03,292.41,292.5,292.3,293.1,291.95,291.75,291.95,290.81,289.5,289.93,290.48,289.53,291.9,291.7,293.65,291.93,291.18,289.35,291.23,290.13,288.68,291.5,291.9,290.85,289.73,289.53,292.23,291.55,288.73,289.38,295.08
293.82,293.27,292.93,293.73,293.13,292.95,295.18,291.65,291.23,291.2,292.58,295.71,292.9,296.33,293.13,294.6,297.28,294.98,292.05,291.35,296.73,295.83,292.7,292.53,292.58,291.5,291.43,294.55,291.85,292.55,292.13,292.0,293.93,294.85,295.48,292.78,292.28,297.13,295.71,294.05,293.85,294.35,296.5,295.21,295.33,294.13,292.15,292.38,294.5,297.0,295.05,292.73,293.03,295.6,294.3,296.63,296.68,297.3,296.28,297.03,295.13,291.66,291.68,293.63,295.55,297.23,295.0,291.95,292.55,292.3,292.43,291.68,293.95,298.13,295.4,292.63,294.73,295.5,292.45,293.2,293.55,293.6,293.73,295.65,296.63,292.18,292.1,293.0,295.25,296.55,297.71,293.38,294.3,297.75,295.3,298.23,295.1,290.98,290.75,291.83,294.1,294.28,294.75,295.3,291.45,294.1,292.6,290.0,292.83,295.63,297.8,296.38,291.88,290.13,290.83,293.45,294.68,296.5,294.78,290.1,289.83,293.05,294.88,292.35,295.55,293.88,290.33,290.4,290.05,291.63,293.98,294.88,295.98,294.08,291.5,293.6,294.48,293.5,292.63,291.2,289.75,291.18,290.3,289.1,290.38,294.0,293.05,289.68,291.8,293.63,296.05,296.96,292.35,288.4,292.43,295.58,294.83,294.83,292.58,293.48,293.25,294.23,294.05,294.58,292.28,290.88,292.63,292.48,292.48,292.9,295.48,294.5,288.2,289.73,290.58,287.4,288.43,292.78,291.58,291.08,292.65,294.68,294.75,290.63,288.38,292.6,293.3,290.1,290.7,294.08,295.13,295.08,292.88,289.43,292.85,292.93,292.0,292.93,290.85,290.33,291.88,292.48,290.78,290.23,291.0,292.68,294.73,292.93,293.35,294.43,292.9,291.73,291.83,291.98,290.75,289.78,288.7,292.83,292.3,292.28,287.95,290.83,294.96,290.41,289.25,294.5,289.93,289.63,291.48,293.98,289.6,288.83,292.03,292.48,292.41,292.8,289.73,289.18,291.23,293.35,289.45,286.5,286.75,290.7,291.33,286.83,288.9,293.35,289.65,291.43,293.75,292.45,289.0,288.0,288.81,289.6,289.03,291.88,288.1,288.53,288.93,289.48,288.83,289.35,291.03,289.83,289.0,291.6,290.0,291.4,293.25,293.8,294.41,290.88,288.05,288.2,289.03,289.95,292.35,293.68,293.95,290.48,289.28,289.35,291.05,292.95,293.58,292.7,291.23,291.38,289.63,290.5,292.68,292.28,291.68,291.95,292.75,289.5,289.48,289.68,292.85,293.38,291.53,289.25,290.88,293.95,292.68,292.38,290.05,288.68,288.63,290.2,290.93,289.13,289.88,289.0,291.23,294.15,294.58,292.13,292.03,290.78,289.95,292.43,294.1,292.03,292.0,291.93,290.53,291.53,293.18,292.0,293.3,293.9,291.31,290.28,293.7,293.1,290.85,292.73,293.13,291.16,290.25,290.53,291.43,292.68,293.73,293.85,291.45,290.25,291.95,292.6,292.0,292.08,293.4,295.18,294.13,293.83,294.88,295.65,293.23,292.73,294.88,291.55,290.65
289.43,292.5,294.85,293.6,294.91,295.35,292.33,292.58,293.28,292.78,294.91,294.88,293.13,293.8,294.06,292.58,292.25,294.48,294.5,292.53,293.28,295.85,294.15,292.45,293.88,298.18,294.66,295.33,296.88,293.08,292.73,295.73,294.03,293.95,295.08,295.58,295.83,296.1,297.53,296.96,297.35,294.48,293.4,293.28,292.16,292.65,293.9,293.1,294.38,294.25,295.98,293.75,293.53,292.7,296.35,297.06,295.43,295.93,296.08,296.05,295.05,297.38,296.21,296.16,295.28,292.83,292.28,293.95,295.75,295.98,293.4,292.05,292.5,294.13,294.75,294.23,290.45,293.6,294.13,294.35,294.96,294.48,293.66,291.88,294.2,292.5,292.38,292.85,292.95,295.58,296.25,296.48,296.63,296.08,296.1,294.1,291.0,292.65,294.2,295.4,295.25,291.23,291.9,295.96,292.75,294.98,291.63,292.18,293.18,293.98,295.46,293.98,293.15,294.5,294.73,295.93,295.38,289.48,291.75,293.78,293.03,296.7,294.93,293.68,295.4,298.6,297.25,296.78,294.38,293.68,293.1,295.88,296.75,298.13,293.3,291.98,292.5,291.78,297.93,294.03,288.03,288.2,287.6,289.18,289.75,292.3,292.48,293.75,295.83,294.28,292.73,292.53,293.58,294.15,295.68,295.05,294.28,293.3,293.18,292.95,293.25,292.25,290.03,289.0,291.2,292.33,291.73,295.35,291.33,289.63,292.88,293.1,296.55,296.0,296.66,296.4,293.68,290.8,290.83,293.41,293.8,288.45,288.88,291.0,291.53,293.85,294.66,292.58,289.68,291.66,294.2,295.96,291.88,289.6,293.58,294.6,294.91,292.13,292.95,292.08,294.75,289.18,291.28,295.38,291.8,289.98,289.43,290.95,287.88,291.15,290.25,291.7,295.23,293.95,291.6,287.1,287.65,293.58,290.08,289.23,293.1,294.05,290.88,288.88,290.9,290.0,289.48,287.78,288.48,290.6,294.61,291.35,293.23,288.93,290.48,288.15,287.8,292.65,291.28,288.13,289.35,290.68,291.5,290.4,290.33,288.95,290.3,288.68,289.1,288.5,290.45,288.45,289.8,292.53,289.93,288.03,287.53,291.93,289.3,290.33,291.68,294.98,293.78,290.6,290.33,288.18,287.35,286.43,289.3,294.96,292.68,289.6,289.03,290.28,292.18,292.55,289.33,288.05,288.95,289.25,288.2,290.03,289.75,289.93,292.7,292.63,292.83,290.08,290.7,292.98,288.85,288.23,288.75,289.0,290.48,291.9,289.0,287.2,288.53,293.8,290.03,292.18,290.08,290.4,291.5,292.33,292.33,292.25,292.15,290.2,291.4,290.85,290.35,289.18,289.73,290.41,293.1,292.05,290.6,289.5,289.8,291.55,292.65,289.3,290.78,292.5,292.03,291.13,290.53,293.53,289.08,289.15,290.98,293.35,292.48,292.65,292.48,290.1,291.28,288.91,288.93,290.6,293.53,295.03,291.38,292.35,292.35,291.88,290.85,291.23,293.15,289.48,288.75,292.93,293.68,293.15,294.13,294.23,294.33,294.1,292.73,292.13,291.68,293.93,295.0
294.63,294.57,293.18,292.2,292.25,293.3,293.4,291.1,290.55,290.57,295.9,295.45,293.22,293.6,295.73,294.25,292.4,290.85,291.43,293.05,292.68,295.63,293.35,291.97,292.77,294.63,294.75,294.3,292.55,292.43,294.03,294.13,292.93,296.0,291.8,292.93,294.25,292.95,291.52,293.05,294.25,296.2,293.95,291.55,293.72,293.75,293.9,294.05,295.57,294.13,293.65,294.93,296.28,294.98,294.68,295.07,295.73,296.28,295.77,295.5,295.78,297.83,296.43,295.23,297.1,297.95,296.35,297.12,296.65,296.18,295.88,293.73,292.68,292.93,291.6,292.9,295.77,297.33,294.38,292.75,294.08,293.85,295.38,292.8,291.03,292.47,291.8,292.63,292.12,292.75,292.07,291.78,293.4,294.4,293.15,293.75,291.45,292.03,292.82,295.18,295.72,295.28,294.27,293.47,295.5,293.57,294.08,294.03,293.82,291.05,290.7,290.63,293.05,294.83,296.73,292.7,292.3,291.68,290.9,291.1,290.82,291.53,291.68,295.33,294.33,296.57,295.65,295.0,293.13,294.63,294.28,294.45,287.82,291.78,295.98,293.07,292.68,292.93,294.75,294.53,294.25,293.97,294.0,294.27,294.08,294.13,295.25,295.88,296.13,293.18,291.65,290.18,290.78,293.52,292.87,292.5,293.75,291.7,288.62,289.77,293.57,296.43,292.15,294.93,296.68,296.88,293.4,289.77,290.75,294.07,294.95,292.65,292.4,294.05,292.23,291.57,294.7,291.0,288.6,289.02,288.0,288.57,290.5,290.93,292.25,292.97,292.68,294.0,293.78,289.45,288.93,288.9,288.68,289.52,292.43,295.93,289.7,290.07,293.77,294.53,294.0,295.1,295.03,295.1,294.63,294.35,291.4,294.15,289.7,292.25,294.97,292.98,291.15,289.95,288.78,291.43,292.57,290.47,291.88,291.68,290.97,290.38,292.75,296.35,296.12,293.05,293.18,288.9,288.6,289.15,290.65,290.05,292.58,292.2,294.15,290.85,290.43,288.47,289.2,292.25,290.57,292.13,290.15,288.28,293.53,289.07,291.25,291.93,288.88,293.33,294.13,292.1,289.95,288.23,289.03,293.28,295.13,292.38,288.63,287.8,292.03,287.53,287.75,289.58,289.08,292.38,290.3,288.3,289.45,287.45,287.8,293.2,291.13,289.41,290.98,288.65,287.3,287.88,288.63,291.91,291.7,290.83,290.38,291.75,291.25,288.95,288.31,288.65,290.25,290.68,290.65,291.6,291.2,289.48,289.78,289.23,288.78,287.15,290.38,292.35,289.75,289.43,291.05,289.33,289.5,291.63,289.55,289.58,289.1,290.98,291.48,288.48,289.28,291.75,290.95,290.41,291.8,292.3,291.5,290.43,290.65,289.23,289.35,290.83,292.53,294.0,289.33,290.38,291.45,290.13,293.85,291.16,293.9,291.5,289.83,293.43,291.25,290.16,290.55,291.73,292.55,291.41,290.58,291.68,291.95,291.1,291.2,293.53,291.41,293.58,294.85,294.23,295.0,294.18,293.33,294.46,289.93,289.58,290.4,290.75,290.88,294.53,294.88,293.63,291.81
289.9,291.9,294.38,293.15,292.45,293.1,293.6,295.0,295.0,293.65,294.33,294.81,294.75,294.55,292.78,292.25,292.8,292.25,292.28,292.05,292.18,295.95,292.88,292.65,292.75,295.3,294.15,290.95,293.23,294.46,294.18,292.48,292.75,293.08,290.98,291.6,293.23,294.33,294.71,295.68,293.85,291.15,292.63,297.68,295.88,294.28,294.35,293.83,295.9,293.73,293.23,297.53,292.68,291.95,294.53,295.98,295.28,294.66,294.25,293.18,296.3,295.35,293.95,295.48,295.0,294.58,293.53,293.73,293.48,295.25,296.03,296.23,295.05,295.5,297.05,291.4,291.88,291.38,292.68,293.45,293.75,294.53,292.55,294.3,294.2,294.96,294.65,293.05,296.28,293.4,291.5,292.3,292.98,295.65,296.38,294.2,291.85,294.85,294.33,291.1,292.9,293.1,290.75,292.33,296.98,296.21,295.88,295.88,293.63,290.65,289.0,291.65,294.8,295.71,295.68,294.45,293.13,294.43,296.48,295.08,293.03,292.08,292.25,293.53,293.58,292.85,292.03,292.08,291.6,291.03,292.33,294.63,294.88,295.55,296.28,296.3,293.05,293.16,292.3,289.66,293.7,294.7,292.13,295.71,294.28,292.68,291.7,293.43,293.55,290.93,291.3,289.88,291.18,293.0,293.53,292.18,294.18,290.73,290.18,291.4,294.25,294.6,291.95,293.3,294.2,293.68,295.05,290.63,291.41,293.1,294.66,294.48,295.18,294.41,290.1,289.81,288.75,290.7,288.58,288.93,292.28,294.25,295.13,293.73,290.88,294.2,293.4,289.55,294.43,295.7,294.58,293.7,292.18,291.73,287.68,288.4,290.48,291.33,293.45,289.88,292.33,293.55,292.18,286.83,288.28,290.08,291.06,291.1,293.48,294.38,293.1,291.98,291.65,290.53,291.28,294.05,292.05,290.23,291.08,292.6,292.8,293.98,291.8,291.81,289.78,288.75,291.78,291.5,293.1,294.33,291.28,289.28,289.91,289.3,288.7,286.95,291.33,291.3,287.43,287.85,290.25,291.48,289.95,292.63,292.95,290.53,292.3,290.73,294.23,290.28,290.83,288.88,287.15,286.5,291.45,292.9,290.73,291.55,289.3,289.4,288.82,287.77,291.1,289.0,286.8,286.72,290.82,291.0,291.72,290.32,287.78,288.57,289.25,289.32,291.22,291.9,292.7,292.37,292.07,291.47,290.15,289.03,287.65,291.45,293.72,291.12,289.65,292.97,291.1,290.05,290.25,288.97,289.12,288.32,288.18,291.05,293.2,290.18,289.0,291.15,290.72,288.47,287.95,289.78,292.6,290.82,289.18,291.32,292.6,292.07,294.67,296.1,293.52,290.27,294.15,294.17,291.22,290.47,288.47,288.2,288.4,289.4,289.1,290.55,295.05,291.92,289.95,291.95,295.18,291.52,291.85,290.35,290.65,290.37,288.77,288.12,289.7,289.37,289.5,290.35,291.4,295.52,293.72,292.1,292.0,290.82,290.3,289.02,291.87,293.0,293.97,291.82,290.05,291.5,292.8,293.6,292.55,292.42,292.1,293.52,291.9,292.5,291.97,291.87,293.3
294.52,293.57,295.77,292.22,291.28,294.55,294.37,292.47,292.92,296.02,294.67,293.6,292.57,295.97,293.42,293.25,292.3,294.15,295.22,293.37,293.07,296.83,295.08,295.35,294.6,293.67,296.1,294.17,292.25,292.75,294.87,293.45,293.28,293.95,292.8,294.12,297.17,296.22,296.12,296.72,297.6,295.15,297.97,293.72,293.57,296.6,296.0,294.2,294.42,295.52,294.03,296.43,295.22,295.12,297.25,297.52,294.62,292.8,293.6,295.17,292.47,290.67,293.35,296.08,296.72,296.7,296.95,297.47,296.65,296.52,296.33,294.87,293.67,292.37,292.97,292.57,294.22,294.35,294.25,296.0,296.45,294.5,296.05,297.3,296.65,296.92,294.3,294.72,294.6,292.8,294.5,296.05,296.02,292.57,292.8,295.33,295.15,295.05,297.77,290.7,291.95,295.28,297.47,298.1,295.22,293.35,294.03,293.7,294.05,292.65,293.15,293.1,288.87,289.62,291.75,296.42,296.07,294.25,292.17,291.7,291.82,290.25,292.05,294.32,294.52,296.3,292.7,292.95,297.6,293.87,291.12,289.87,296.28,297.33,290.8,294.45,296.9,296.15,292.85,293.65,293.75,293.87,294.2,295.32,293.42,293.72,296.62,294.1,289.32,290.8,292.05,292.42,291.97,292.5,293.97,291.82,293.32,293.85,293.12,289.07,288.9,290.37,291.0,292.45,291.95,287.95,288.7,288.67,291.8,294.15,293.25,294.42,292.25,291.67,294.65,294.72,293.27,288.4,292.8,295.67,292.45,289.82,292.87,294.75,292.95,294.75,294.47,289.22,291.25,295.5,295.83,290.52,288.65,291.17,293.67,293.55,290.85,291.15,292.72,294.22,293.3,291.92,294.52,294.92,290.7,291.12,293.12,292.0,290.07,287.5,288.95,294.8,294.27,295.25,293.35,294.05,294.92,292.8,294.62,295.02,289.57,286.37,288.45,292.2,293.92,292.02,292.32,289.6,292.37,293.4,287.32,287.9,293.75,294.07,290.8,287.17,291.35,294.1,291.78,293.67,290.5,292.42,294.1,292.17,290.3,289.4,292.3,292.07,292.35,289.72,290.47,291.95,290.52,288.65,292.15,289.95,294.8,291.42,288.8,288.22,291.1,290.87,293.15,293.78,292.65,292.72,290.9,288.45,292.55,289.7,288.35,293.37,294.12,293.57,290.3,290.1,289.35,288.9,289.82,292.72,292.35,290.27,291.97,291.45,288.2,287.95,289.5,288.3,288.32,290.67,291.77,291.57,291.03,292.62,290.85,290.32,291.6,291.02,289.12,288.6,289.95,290.77,289.77,289.5,291.5,293.15,293.55,292.6,291.17,292.0,290.97,294.22,291.85,290.57,293.4,292.75,292.12,289.65,291.7,291.3,288.77,289.85,294.22,294.67,293.45,292.78,292.1,289.85,290.1,292.07,293.95,292.87,289.62,291.0,292.25,291.92,294.3,293.5,292.25,289.6,289.9,290.6,292.05,293.02,292.47,290.05,291.1,291.05,290.47,291.27,292.85,292.85,293.87,293.0,295.35,295.0,294.35,293.25,292.55,292.2,293.55,293.9,293.87,292.5,292.9
295.0,295.65,292.72,291.85,294.28,294.2,294.8,295.65,294.67,294.75,292.65,293.17,294.3,295.37,293.6,296.55,293.85,295.25,297.9,294.02,293.47,295.95,294.8,295.27,293.9,292.97,294.27,291.2,292.3,295.6,294.72,296.33,295.4,294.65,295.12,297.3,296.85,295.37,295.6,295.28,294.47,296.55,296.62,296.7,297.17,297.02,296.2,295.27,295.9,295.55,294.62,294.7,294.32,295.1,296.27,295.17,295.22,295.8,294.85,294.6,297.27,295.72,296.25,297.02,298.37,296.58,297.37,295.37,297.2,296.72,296.05,295.55,294.35,294.17,294.35,297.67,296.57,296.72,297.25,296.95,296.43,296.77,295.35,294.65,293.67,293.72,295.4,296.08,294.45,296.17,296.77,295.6,293.62,293.15,292.92,296.05,291.92,291.97,296.52,294.92,295.15,295.1,294.8,294.85,292.52,291.67,290.9,290.82,293.25,296.83,292.85,291.62,292.2,295.37,293.45,292.82,289.87,289.4,291.95,290.77,291.7,295.12,294.0,293.35,294.83,293.97,291.5,290.0,291.1,293.25,293.8,293.4,293.42,293.75,292.92,292.1,291.85,291.97,290.35,291.57,291.82,295.08,297.0,293.35,290.65,289.7,289.5,292.77,291.25,293.42,290.5,291.52,291.97,293.03,291.43,291.02,291.07,291.77,293.2,292.7,291.42,290.9,290.6,291.4,292.82,295.8,293.35,289.02,290.65,294.43,290.4,289.85,291.25,293.32,290.8,289.97,289.15,287.95,288.57,291.87,290.27,288.3,288.7,286.67,287.65,288.4,288.5,288.68,289.22,289.05,290.12,292.07,292.2,292.05,292.15,291.6,290.5,290.72,291.27,289.95,289.17,290.0,289.17,289.92,289.1,286.17,286.62,288.6,292.12,289.4,288.55,289.85,290.32,290.8,293.22,294.32,291.0,287.45,288.07,291.45,289.42,289.45,290.77,293.55,289.37,287.1,287.55,288.25,289.95,291.05,290.9,288.87,292.15,292.52,292.93,291.6,290.35,291.25,287.97,288.87,290.5,294.67,290.72,290.22,291.12,287.62,289.27,289.47,289.45,289.15,291.32,291.45,290.1,290.62,289.62,289.95,289.9,290.65,288.07,289.67,293.5,287.65,289.47,288.4,288.62,289.35,288.1,290.75,293.47,288.77,288.5,290.5,288.67,289.65,291.45,286.75,289.12,287.17,288.8,292.37,292.4,294.22,293.55,291.87,290.37,290.05,291.52,290.9,289.28,287.9,289.0,291.97,290.3,290.57,293.65,291.78,290.15,289.87,289.55,288.8,289.15,289.6,289.22,288.87,288.02,289.5,291.5,289.57,289.17,287.85,291.68,293.22,289.4,288.87,287.85,289.87,289.1,289.75,290.22,289.92,289.8,288.85,289.47,292.28,291.72,289.4,290.7,291.2,290.37,289.78,290.27,291.07,292.15,293.2,292.42,291.3,290.87,289.97,293.5,294.12,293.47,290.37,288.85,291.1,292.07,291.8,292.27,293.97,291.57,291.2,291.75,293.1,293.6,291.53,293.5,292.92,290.92,290.6,292.97,296.0,296.02,293.45,291.8,292.25,292.28
293.5,292.07,292.77,292.75,292.07,293.5,293.7,293.9,294.6,294.93,295.95,296.62,295.65,294.4,293.9,295.53,296.97,297.07,296.88,296.4,295.6,294.65,296.18,295.8,293.57,292.1,293.37,293.6,292.97,296.9,295.2,297.1,294.7,294.9,295.3,295.02,294.82,296.03,295.02,293.65,293.63,293.92,293.85,294.23,295.0,293.02,292.87,294.15,292.05,294.1,298.6,296.2,296.55,293.55,294.35,294.32,294.15,295.35,298.45,296.78,296.65,297.02,296.03,294.05,293.43,293.53,294.05,295.6,296.25,296.0,295.88,294.7,295.8,295.82,296.08,294.8,293.2,295.05,293.43,296.28,293.75,293.4,293.4,296.7,295.68,295.12,295.27,297.2,296.82,291.7,290.1,293.02,295.62,296.57,293.07,295.68,298.22,295.18,291.72,292.13,290.75,291.0,293.43,295.43,294.5,292.52,293.55,290.9,290.15,291.68,294.8,292.97,289.87,290.9,290.93,294.2,294.35,293.1,295.28,296.4,291.97,293.53,294.05,292.22,291.27,291.7,292.6,294.52,296.3,295.15,291.0,293.28,293.88,291.43,291.22,292.53,296.02,293.1,289.25,289.78,288.87,293.35,296.47,292.2,293.68,292.25,290.28,292.6,294.52,290.03,290.15,290.7,291.18,289.55,292.18,296.07,289.35,290.78,292.6,289.02,288.85,290.6,290.3,285.47,288.05,293.82,293.02,294.8,290.45,289.52,288.78,287.65,291.18,290.75,290.2,290.77,292.7,292.22,290.95,293.15,292.1,291.95,289.57,290.32,291.4,288.68,293.93,292.68,289.68,291.1,292.57,290.8,288.62,288.78,289.82,288.5,289.0,289.1,290.25,293.43,294.93,291.73,290.07,287.8,290.43,291.5,293.4,290.22,287.63,287.68,288.25,291.77,286.85,286.95,291.55,292.0,289.53,289.3,288.25,289.55,290.88,291.05,294.25,289.3,290.52,294.6,292.78,290.02,288.0,292.02,293.0,288.22,287.35,288.52,289.68,290.3,292.0,290.85,290.25,291.9,292.03,289.35,293.25,288.15,288.72,287.07,286.5,286.97,288.75,291.63,291.47,292.77,289.8,290.63,291.18,291.15,287.72,288.48,291.28,293.37,293.0,289.63,289.93,290.2,288.2,289.35,289.05,289.63,293.48,290.4,289.85,288.62,288.07,292.4,290.32,290.45,288.97,286.62,287.82,288.18,288.25,288.63,289.22,289.65,290.6,290.82,289.8,290.82,290.4,290.85,290.3,290.43,291.0,292.95,291.02,288.77,287.82,291.45,291.0,287.5,289.25,291.32,290.47,288.97,286.85,286.55,288.07,290.4,290.37,291.45,291.7,288.97,290.62,291.9,293.9,291.12,290.42,291.12,291.42,291.85,292.03,291.0,291.72,293.3,291.27,290.05,291.57,294.1,290.3,290.57,289.27,290.82,291.47,290.5,290.95,294.55,293.62,291.82,290.87,292.22,293.55,292.92,292.1,292.25,291.97,292.15,292.82,293.75,294.8,293.27,292.92,292.87,294.8,293.47,293.97,296.47,295.35,295.33,295.17,295.05,296.25,294.4,295.8,295.35,294.77
293.22,294.12,294.97,292.82,293.6,294.15,293.8,294.95,293.3,293.02,292.5,292.97,294.42,295.45,293.95,293.57,295.02,295.9,294.27,294.42,293.9,294.83,294.87,294.62,293.55,293.3,293.57,292.62,292.4,294.92,294.97,295.45,296.12,295.0,292.0,293.03,293.12,293.6,293.9,295.47,297.02,297.47,295.87,296.25,296.27,294.65,294.87,294.87,295.3,297.05,294.02,293.7,295.45,294.7,294.37,296.22,298.15,296.5,294.9,290.62,291.1,293.28,294.32,297.33,295.62,294.47,295.45,292.8,292.3,293.85,295.35,294.77,294.8,295.1,295.17,294.62,294.7,292.62,292.07,296.52,297.75,295.4,292.67,293.45,294.07,295.15,297.33,296.45,294.22,294.1,297.5,297.12,291.47,292.05,294.02,296.17,294.85,294.65,292.12,290.42,290.97,291.32,293.35,295.75,296.22,297.83,298.75,292.93,290.1,290.65,292.92,292.47,291.72,293.97,295.8,296.58,296.92,296.45,292.22,291.87,297.05,296.18,294.03,291.05,290.77,292.15,295.97,298.1,290.87,289.82,289.6,293.15,294.87,296.03,295.15,291.67,291.27,291.9,293.22,295.3,295.22,292.77,293.55,292.72,295.52,294.55,292.47,290.92,291.27,294.7,293.1,295.72,294.35,290.5,290.8,290.45,291.32,292.57,292.47,287.8,289.82,294.5,295.05,292.85,291.42,290.12,290.97,290.2,293.5,293.77,291.95,294.7,291.15,292.6,295.03,295.87,291.57,289.6,289.6,292.17,290.67,288.1,287.87,288.82,288.65,289.65,293.17,293.92,293.15,291.92,291.3,293.42,294.07,293.35,289.12,290.82,291.65,288.15,288.77,291.37,290.37,289.75,293.45,293.67,288.25,290.6,293.4,292.0,290.07,289.42,289.95,291.57,293.62,294.3,293.35,293.1,292.75,292.72,292.27,290.1,288.87,288.5,290.4,290.32,292.92,290.35,290.52,291.17,291.42,287.67,287.85,292.07,292.25,287.35,289.82,290.45,290.07,295.17,293.1,293.65,291.67,289.55,289.27,289.42,290.75,291.72,289.17,289.1,290.6,292.32,289.65,288.1,287.85,287.85,287.65,288.75,291.45,292.37,289.52,291.72,290.02,291.3,289.6,288.5,289.17,293.15,289.3,290.07,290.45,291.07,287.57,287.5,288.3,292.97,294.12,291.3,289.8,289.65,288.92,288.22,289.37,290.52,290.42,290.82,290.02,288.0,288.43,290.35,289.92,288.72,288.77,287.95,289.45,289.87,288.47,289.7,289.55,291.35,290.87,290.85,291.72,292.5,291.77,291.57,291.47,289.87,289.25,292.37,292.55,291.62,292.57,291.62,290.17,291.0,290.32,289.53,291.97,292.3,291.27,291.62,291.9,291.55,290.47,292.85,290.75,291.27,291.87,290.57,292.37,291.87,290.9,290.6,290.47,291.42,288.55,289.82,293.42,293.32,290.57,290.02,288.52,289.22,290.65,292.35,292.17,292.22,292.27,291.92,292.02,292.77,291.35,291.67,291.22,292.65,294.65,292.82,292.5,293.82,293.97,295.02,295.12,294.1,293.82,294.3,293.77
